6.53545e-06
6.53542e-06
6.53539e-06
6.53536e-06
6.53533e-06
6.53529e-06
6.53526e-06
6.53522e-06
6.53518e-06
6.53514e-06
6.53509e-06
6.53505e-06
6.535e-06
6.53494e-06
6.53489e-06
6.53483e-06
6.53477e-06
6.5347e-06
6.53463e-06
6.53456e-06
6.53448e-06
6.5344e-06
6.5343e-06
6.53421e-06
6.5341e-06
6.53399e-06
6.53386e-06
6.53373e-06
6.53358e-06
6.53342e-06
6.53325e-06
6.53305e-06
6.53284e-06
6.5326e-06
6.53234e-06
6.53205e-06
6.53172e-06
6.53134e-06
6.53091e-06
6.53042e-06
6.52985e-06
6.52918e-06
6.52839e-06
6.52744e-06
6.52629e-06
6.52486e-06
6.52304e-06
6.52067e-06
6.51746e-06
6.51292e-06
6.50601e-06
6.49437e-06
6.47088e-06
6.39988e-06
-0.00534767
6.68573e-06
6.61484e-06
6.59153e-06
6.58015e-06
6.5736e-06
6.56951e-06
6.56688e-06
6.56523e-06
6.53607e-06
6.53607e-06
6.53607e-06
6.53607e-06
6.53607e-06
6.53607e-06
6.53606e-06
6.53606e-06
6.53606e-06
6.53606e-06
6.53606e-06
6.53606e-06
6.53605e-06
6.53605e-06
6.53605e-06
6.53604e-06
6.53604e-06
6.53604e-06
6.53603e-06
6.53603e-06
6.53602e-06
6.53602e-06
6.53602e-06
6.53601e-06
6.536e-06
6.536e-06
6.53599e-06
6.53599e-06
6.53598e-06
6.53597e-06
6.53597e-06
6.53596e-06
6.53595e-06
6.53594e-06
6.53593e-06
6.53593e-06
6.53592e-06
6.53591e-06
6.5359e-06
6.53589e-06
6.53588e-06
6.53587e-06
6.53585e-06
6.53584e-06
6.53583e-06
6.53582e-06
6.5358e-06
6.53579e-06
6.53578e-06
6.53576e-06
6.53575e-06
6.53573e-06
6.53571e-06
6.53569e-06
6.53568e-06
6.53566e-06
6.53564e-06
6.53562e-06
6.5356e-06
6.53557e-06
6.53555e-06
6.53553e-06
6.5355e-06
6.53548e-06
6.53545e-06
