0
-1.46546e-11
-3.62039e-11
-5.10345e-11
-8.00282e-11
-9.54922e-11
-1.18403e-10
-1.34712e-10
-1.73802e-10
-1.91813e-10
-2.18332e-10
-2.38274e-10
-2.7585e-10
-2.98907e-10
-3.32453e-10
-3.59539e-10
-4.27749e-10
-4.62273e-10
-5.11458e-10
-5.55373e-10
-6.30068e-10
-6.89976e-10
-7.74913e-10
-8.6093e-10
-1.02037e-09
-1.16174e-09
-1.37138e-09
-1.63374e-09
-2.09398e-09
-2.76261e-09
-4.16239e-09
-8.2077e-09
0.00133855
8.6255e-09
4.30186e-09
2.80918e-09
2.12909e-09
1.66201e-09
1.37139e-09
1.14133e-09
1.0203e-09
8.76914e-10
7.74847e-10
6.76585e-10
6.17746e-10
5.4393e-10
4.89925e-10
4.31748e-10
4.1812e-10
3.68821e-10
3.32478e-10
2.9037e-10
2.67614e-10
2.30319e-10
2.02792e-10
1.69041e-10
1.58986e-10
1.27505e-10
1.04129e-10
7.4328e-11
5.91501e-11
3.0371e-11
8.75558e-12
-1.95785e-11
0
0
-2.83252e-11
-4.99641e-11
-7.87396e-11
-9.39944e-11
-1.23651e-10
-1.46985e-10
-1.7832e-10
-1.88578e-10
-2.21967e-10
-2.49293e-10
-2.861e-10
-3.08716e-10
-3.49937e-10
-3.85531e-10
-4.33395e-10
-4.47117e-10
-5.02991e-10
-5.54568e-10
-6.24246e-10
-6.79258e-10
-7.69648e-10
-8.61843e-10
-9.88817e-10
-1.09174e-09
-1.28334e-09
-1.51266e-09
-1.85892e-09
-2.30426e-09
-3.13525e-09
-4.72025e-09
-9.60055e-09
-0.00133855
9.18277e-09
4.58078e-09
3.08868e-09
2.26915e-09
1.83064e-09
1.51265e-09
1.30376e-09
1.09181e-09
9.7283e-10
8.61908e-10
7.83039e-10
6.91581e-10
6.35688e-10
5.76101e-10
5.33517e-10
4.56747e-10
4.24108e-10
3.85503e-10
3.58473e-10
3.16951e-10
2.94053e-10
2.64831e-10
2.44738e-10
2.03394e-10
1.85526e-10
1.61257e-10
1.44814e-10
1.14872e-10
9.94013e-11
7.74109e-11
