-0.0078125
-0.00565988
-0.000383793
0.00511678
0.0078125
0.00620562
0.00115886
-0.00456573
-0.0078125
-0.00676479
-0.00195692
0.0039955
0.0078125
0.00734924
0.00279534
-0.00339334
-0.0078125
-0.00797302
-0.00369504
0.00274358
0.0078125
0.00865372
0.00468262
-0.00202608
-0.0078125
-0.00941491
-0.00579414
0.00121308
0.0078125
0.0102895
0.00708081
-0.000264766
-0.0078125
-0.0113267
-0.00861981
-0.000879927
0.0078125
0.012603
0.0105339
0.00231958
-0.0078125
-0.0142481
-0.0130344
-0.00422746
0.0078125
0.0164991
0.0165181
0.00693824
-0.0078125
-0.0198455
-0.0218345
-0.011198
0.0078125
0.0254864
0.0311892
0.0190764
-0.0078125
-0.0373616
-0.0526677
-0.0392655
0.0078125
0.0804148
0.159027
0.242188
0.21951
0.159027
0.0804151
0.0078125
-0.0392652
-0.0526675
-0.0373613
-0.0078125
0.0190765
0.0311893
0.0254865
0.0078125
-0.0111979
-0.0218344
-0.0198453
-0.0078125
0.00693837
0.0165182
0.0164992
0.0078125
-0.00422741
-0.0130344
-0.014248
-0.0078125
0.00231962
0.010534
0.012603
0.0078125
-0.000879866
-0.00861974
-0.0113266
-0.0078125
-0.000264653
0.00708089
0.0102896
0.0078125
0.00121309
-0.00579415
-0.0094149
-0.0078125
-0.00202605
0.00468265
0.00865375
0.0078125
0.00274359
-0.00369504
-0.00797301
-0.0078125
-0.00339331
0.00279538
0.00734926
0.0078125
0.0039955
-0.00195694
-0.00676479
-0.0078125
-0.00456571
0.00115888
0.00620563
0.0078125
0.00511678
-0.000383808
-0.00565989
-0.0078125
