0
0
0.0012
0.00359661
0.00718642
0.011966
0.0179319
0.0250806
0.0334087
0.0429127
0.0535889
0.065434
0.0784442
0.092616
0.107946
0.12443
0.142065
0.160847
0.180772
0.201838
0.224039
0.247372
0.271834
0.29742
0.324128
0.351952
0.38089
0.410937
0.44209
0.474345
0.507697
0.542144
0.57768
0.614302
0.652007
0.690789
0.730646
0.771573
0.813566
0.856621
0.900734
0.945901
0.992118
1.03938
1.08769
1.13703
1.1874
1.23881
1.29124
1.34469
1.39916
1.45464
1.51112
1.56862
1.62711
1.6866
1.74707
1.80854
1.87099
1.93442
1.99882
2.06419
2.13052
2.19782
2.26607
2.33528
2.40543
2.47653
2.54857
2.62154
2.69544
2.77027
2.84601
2.92268
3.00025
3.07874
3.15813
3.23841
3.3196
3.40167
3.48462
3.56846
3.65317
3.73875
3.8252
3.91252
4.00069
4.08971
4.17959
4.2703
4.36186
4.45425
4.54747
4.64151
4.73638
4.83206
4.92855
5.02585
5.12396
5.22285
5.32255
5.42303
5.52429
5.62633
5.72914
5.83273
5.93707
6.04218
6.14804
6.25465
6.36201
6.47011
6.57894
6.6885
6.79879
6.9098
7.02153
7.13397
7.24711
7.36096
7.4755
7.59074
7.70667
7.82327
7.94056
8.05852
8.17714
8.29643
8.41638
8.53698
8.65823
8.78013
8.90266
9.02583
9.14963
9.27405
9.3991
9.52475
9.65102
9.77789
9.90537
10.0334
10.1621
10.2913
10.4212
10.5516
10.6825
10.8141
10.9462
11.0788
11.212
11.3458
11.4801
11.6149
11.7503
11.8862
12.0226
12.1595
12.297
12.4349
12.5734
12.7123
12.8518
12.9917
13.1321
13.273
13.4144
13.5563
13.6986
13.8413
13.9845
14.1282
14.2723
14.4169
14.5618
14.7073
14.8531
14.9994
15.146
15.2931
15.4406
15.5885
15.7368
15.8855
16.0346
16.184
16.3338
16.484
16.6346
16.7855
16.9368
17.0885
17.2404
17.3928
17.5454
17.6984
17.8518
18.0054
18.1594
18.3137
18.4683
18.6232
18.7784
18.9339
19.0897
19.2458
19.4022
19.5588
19.7157
19.8729
20.0303
20.188
20.346
20.5042
20.6627
20.8213
20.9803
21.1394
21.2988
21.4584
21.6182
21.7783
21.9385
22.0989
22.2596
22.4204
22.5814
22.7426
22.904
23.0656
23.2273
23.3892
23.5513
23.7135
23.8759
24.0384
24.2011
24.3639
24.5268
24.6899
24.8531
25.0164
25.1798
25.3434
25.507
25.6708
25.8346
25.9986
26.1626
26.3268
26.491
26.6553
26.8196
26.9841
27.1486
27.3131
27.4778
27.6424
27.8072
27.9719
28.1367
28.3016
28.4664
28.6313
28.7962
28.9612
29.1261
29.2911
29.456
29.621
29.786
29.9509
30.1159
30.2808
30.4457
30.6106
30.7755
30.9403
31.1051
31.2699
31.4346
31.5992
31.7639
31.9284
32.0929
32.2574
32.4217
32.586
32.7503
32.9144
33.0785
33.2425
33.4064
33.5701
33.7338
33.8974
34.0609
34.2243
34.3876
34.5507
34.7138
34.8767
35.0395
35.2021
35.3646
35.527
35.6892
35.8513
36.0132
36.175
36.3366
36.4981
36.6594
36.8205
36.9815
37.1423
37.3029
37.4633
37.6235
37.7836
37.9434
38.1031
38.2625
38.4218
38.5808
38.7397
38.8983
39.0567
39.2149
39.3728
39.5306
39.6881
39.8454
40.0024
40.1592
40.3158
40.4721
40.6281
40.7839
40.9395
41.0948
41.2498
41.4046
41.5591
41.7133
41.8672
42.0209
42.1743
42.3274
42.4802
42.6328
42.785
42.9369
43.0886
43.2399
43.391
43.5417
43.6921
43.8422
43.992
44.1415
44.2906
44.4394
44.5879
44.7361
44.8839
45.0314
45.1786
45.3254
45.4719
45.618
45.7638
45.9092
46.0543
46.199
46.3433
46.4873
46.6309
46.7742
46.9171
47.0596
47.2017
47.3435
47.4848
47.6258
47.7664
47.9066
48.0465
48.1859
48.325
48.4636
48.6018
48.7397
48.8771
49.0141
49.1508
49.287
49.4228
49.5582
49.6931
49.8277
49.9618
50.0955
50.2287
50.3616
50.494
50.626
50.7575
50.8886
51.0193
51.1495
51.2793
51.4086
51.5375
51.6659
51.7939
51.9215
52.0485
52.1752
52.3013
52.427
52.5523
52.677
52.8013
52.9252
53.0486
53.1715
53.2939
53.4158
53.5373
53.6583
53.7788
53.8988
54.0184
54.1374
54.256
54.3741
54.4917
54.6088
54.7254
54.8415
54.9572
55.0723
55.1869
55.301
55.4147
55.5278
55.6404
55.7525
55.8641
55.9752
56.0858
56.1959
56.3054
56.4145
56.523
56.631
56.7385
56.8454
56.9519
57.0578
57.1632
57.2681
57.3725
57.4763
57.5796
57.6824
57.7846
57.8863
57.9875
58.0882
58.1883
58.2879
58.3869
58.4854
58.5834
58.6808
58.7777
58.874
58.9698
59.0651
59.1598
59.254
59.3476
59.4407
59.5333
59.6253
59.7167
59.8076
59.8979
59.9877
60.077
60.1657
60.2538
60.3414
60.4284
60.5149
60.6008
60.6862
60.771
60.8553
60.9389
61.0221
61.1047
61.1867
61.2682
61.3491
61.4294
61.5092
61.5884
61.6671
61.7452
61.8227
61.8997
61.9761
62.0519
62.1272
62.2019
62.2761
62.3497
62.4227
62.4951
62.567
62.6384
62.7091
62.7793
62.849
62.918
62.9865
63.0545
63.1218
63.1886
63.2549
63.3205
63.3856
63.4501
63.5141
63.5775
63.6403
63.7026
63.7643
63.8254
63.886
63.946
64.0054
64.0643
64.1226
64.1803
64.2375
64.2941
64.3501
64.4056
64.4605
64.5148
64.5686
64.6218
64.6744
64.7265
64.778
64.829
64.8794
64.9292
64.9784
65.0271
65.0753
65.1229
65.1699
65.2163
65.2622
65.3075
65.3523
65.3965
65.4402
65.4833
65.5258
65.5678
65.6092
65.6501
65.6904
65.7302
65.7694
65.808
65.8461
65.8837
65.9206
65.9571
65.993
66.0283
66.0631
66.0973
66.131
66.1642
66.1968
66.2288
66.2603
66.2913
66.3217
66.3516
66.3809
66.4097
66.4379
66.4656
66.4928
66.5194
66.5455
66.5711
66.5961
66.6206
66.6445
66.668
66.6909
66.7132
66.735
66.7563
66.7771
66.7973
66.817
66.8362
66.8549
66.873
66.8906
66.9077
66.9243
66.9404
66.9559
66.9709
66.9854
66.9994
67.0129
67.0258
67.0383
67.0502
67.0616
67.0726
67.083
67.0929
67.1023
67.1112
67.1196
67.1275
67.1348
67.1417
67.1481
67.154
67.1594
67.1643
67.1688
67.1727
67.1761
67.1791
67.1815
67.1835
67.185
67.186
67.1865
67.1865
67.1861
67.1852
67.1838
67.1819
67.1795
67.1767
67.1734
67.1697
67.1654
67.1607
67.1556
67.1499
67.1439
67.1373
67.1303
67.1228
67.1149
67.1065
67.0977
67.0884
67.0786
67.0684
67.0578
67.0467
67.0352
67.0232
67.0108
66.9979
66.9846
66.9709
66.9567
66.9421
66.9271
66.9116
66.8957
66.8794
66.8626
66.8455
66.8279
66.8098
66.7914
66.7725
66.7533
66.7336
66.7135
66.693
66.672
66.6507
66.629
66.6068
66.5843
66.5613
66.538
66.5142
66.4901
66.4655
66.4406
66.4153
66.3896
66.3635
66.337
66.3101
66.2829
66.2552
66.2272
66.1988
66.1701
66.1409
66.1114
66.0815
66.0513
66.0207
65.9897
65.9583
65.9266
65.8946
65.8622
65.8294
65.7962
65.7628
65.7289
65.6947
65.6602
65.6253
65.5901
65.5546
65.5187
65.4824
65.4459
65.409
65.3717
65.3342
65.2963
65.258
65.2195
65.1806
65.1414
65.1019
65.0621
65.022
64.9815
64.9408
64.8997
64.8583
64.8166
64.7746
64.7323
64.6897
64.6469
64.6037
64.5602
64.5164
64.4724
64.428
64.3834
64.3384
64.2932
64.2478
64.202
64.156
64.1096
64.0631
64.0162
63.9691
63.9217
63.874
63.8261
63.7779
63.7294
63.6807
63.6318
63.5826
63.5331
63.4834
63.4334
63.3832
63.3328
63.2821
63.2311
63.18
63.1286
63.0769
63.025
62.9729
62.9206
62.868
62.8152
62.7622
62.709
62.6556
62.6019
62.548
62.4939
62.4396
62.3851
62.3304
62.2755
62.2203
62.165
62.1095
62.0538
61.9978
61.9417
61.8854
61.8289
61.7723
61.7154
61.6583
61.6011
61.5437
61.4861
61.4283
61.3704
61.3123
61.254
61.1956
61.1369
61.0782
61.0192
60.9601
60.9008
60.8414
60.7819
60.7221
60.6623
60.6022
60.5421
60.4817
60.4213
60.3607
60.2999
60.2391
60.178
60.1169
60.0556
59.9942
59.9327
59.871
59.8092
59.7473
59.6853
59.6231
59.5609
59.4985
59.436
59.3734
59.3107
59.2479
59.1849
59.1219
59.0588
58.9955
58.9322
58.8688
58.8053
58.7417
58.678
58.6142
58.5503
58.4863
58.4223
58.3582
58.294
58.2297
58.1653
58.1009
58.0364
57.9718
57.9072
57.8425
57.7777
57.7128
57.6479
57.583
57.518
57.4529
57.3878
57.3226
57.2574
57.1921
57.1268
57.0614
56.996
56.9305
56.865
56.7995
56.7339
56.6683
56.6027
56.537
56.4713
56.4056
56.3398
56.2741
56.2083
56.1425
56.0766
56.0108
55.9449
55.879
55.8131
55.7472
55.6813
55.6153
55.5494
55.4835
55.4175
55.3516
55.2856
55.2197
55.1538
55.0879
55.0219
54.956
54.8901
54.8242
54.7584
54.6925
54.6267
54.5608
54.495
54.4293
54.3635
54.2978
54.2321
54.1664
54.1007
54.0351
53.9695
53.904
53.8385
53.773
53.7076
53.6422
53.5768
53.5115
53.4462
53.381
53.3159
53.2507
53.1857
53.1206
53.0557
52.9908
52.9259
52.8611
52.7964
52.7317
52.6671
52.6026
52.5381
52.4737
52.4093
52.3451
52.2809
52.2167
52.1527
52.0887
52.0248
51.961
51.8972
51.8336
51.77
51.7065
51.6431
51.5798
51.5165
51.4534
51.3903
51.3273
51.2645
51.2017
51.139
51.0764
51.0139
50.9516
50.8893
50.8271
50.765
50.703
50.6412
50.5794
50.5177
50.4562
50.3948
50.3334
50.2722
50.2111
50.1502
50.0893
50.0285
49.9679
49.9074
49.847
49.7868
49.7266
49.6666
49.6068
49.547
49.4874
49.4279
49.3685
49.3093
49.2502
49.1912
49.1324
49.0737
49.0151
48.9567
48.8984
48.8403
48.7823
48.7244
48.6667
48.6092
48.5517
48.4945
48.4373
48.3804
48.3235
48.2669
48.2103
48.154
48.0978
48.0417
47.9858
47.93
47.8745
47.819
47.7638
47.7086
47.6537
47.5989
47.5443
47.4898
47.4355
47.3814
47.3274
47.2736
47.22
47.1666
47.1133
47.0602
47.0072
46.9545
46.9019
46.8495
46.7972
46.7451
46.6933
46.6415
46.59
46.5387
46.4875
46.4365
46.3857
46.3351
46.2846
46.2344
46.1843
46.1344
46.0847
46.0352
45.9858
45.9367
45.8878
45.839
45.7904
45.7421
45.6939
45.6459
45.5981
45.5505
45.503
45.4558
45.4088
45.362
45.3154
45.2689
45.2227
45.1767
45.1308
45.0852
45.0398
44.9945
44.9495
44.9047
44.86
44.8156
44.7714
44.7274
44.6836
44.64
44.5966
44.5534
44.5104
44.4676
44.4251
44.3827
44.3406
44.2986
44.2569
44.2154
44.1741
44.133
44.0921
44.0514
44.011
43.9707
43.9307
43.8909
43.8513
43.8119
43.7727
43.7337
43.695
43.6564
43.6181
43.58
43.5422
43.5045
43.4671
43.4298
43.3928
43.356
43.3195
43.2831
43.247
43.2111
43.1754
43.1399
43.1047
43.0696
43.0348
43.0003
42.9659
42.9318
42.8978
42.8641
42.8307
42.7974
42.7644
42.7316
42.699
42.6667
42.6345
42.6026
42.5709
42.5395
42.5082
42.4772
42.4464
42.4159
42.3855
42.3554
42.3256
42.2959
42.2665
42.2373
42.2083
42.1795
42.151
42.1227
42.0946
42.0668
42.0391
42.0117
41.9846
41.9576
41.9309
41.9044
41.8781
41.8521
41.8263
41.8007
41.7753
41.7502
41.7253
41.7006
41.6762
41.652
41.628
41.6042
41.5806
41.5573
41.5342
41.5114
41.4887
41.4663
41.4441
41.4221
41.4004
41.3789
41.3576
41.3366
41.3157
41.2951
41.2747
41.2546
41.2346
41.2149
41.1954
41.1762
41.1572
41.1383
41.1198
41.1014
41.0833
41.0653
41.0477
41.0302
41.0129
40.9959
40.9791
40.9625
40.9462
40.9301
40.9142
40.8985
40.883
40.8678
40.8527
40.8379
40.8233
40.809
40.7948
40.7809
40.7672
40.7537
40.7405
40.7274
40.7146
40.702
40.6896
40.6774
40.6655
40.6537
40.6422
40.6309
40.6198
40.6089
40.5983
40.5878
40.5776
40.5676
40.5578
40.5482
40.5388
40.5296
40.5207
40.5119
40.5034
40.4951
40.487
40.4791
40.4714
40.4639
40.4567
40.4496
40.4427
40.4361
40.4297
40.4234
40.4174
40.4116
40.406
40.4006
40.3954
40.3904
40.3856
40.3811
40.3767
40.3725
40.3685
40.3647
40.3612
40.3578
40.3546
40.3517
40.3489
40.3463
40.344
40.3418
40.3398
40.338
40.3364
40.335
40.3339
40.3329
40.3321
40.3314
40.331
40.3308
40.3308
40.3309
40.3313
40.3318
40.3326
40.3335
40.3346
40.3359
40.3374
40.3391
40.3409
40.343
40.3452
40.3476
40.3502
40.353
40.356
40.3592
40.3625
40.366
40.3697
40.3736
40.3777
40.3819
40.3863
40.3909
40.3957
40.4006
40.4058
40.4111
40.4165
40.4222
40.428
40.434
40.4402
40.4465
40.453
40.4597
40.4666
40.4736
40.4808
40.4881
40.4957
40.5034
40.5112
40.5192
40.5274
40.5358
40.5443
40.553
40.5618
40.5708
40.58
40.5893
40.5988
40.6084
40.6182
40.6282
40.6383
40.6485
40.659
40.6695
40.6803
40.6911
40.7022
40.7134
40.7247
40.7362
40.7478
40.7596
40.7715
40.7836
40.7958
40.8082
40.8207
40.8334
40.8462
40.8591
40.8722
40.8855
40.8988
40.9124
40.926
40.9398
40.9537
40.9678
40.982
40.9963
41.0108
41.0254
41.0402
41.055
41.07
41.0852
41.1004
41.1158
41.1314
41.147
41.1628
41.1787
41.1947
41.2109
41.2272
41.2436
41.2601
41.2768
41.2935
41.3104
41.3275
41.3446
41.3618
41.3792
41.3967
41.4143
41.432
41.4499
41.4678
41.4859
41.504
41.5223
41.5407
41.5592
41.5778
41.5966
41.6154
41.6343
41.6534
41.6725
41.6918
41.7111
41.7306
41.7501
41.7698
41.7896
41.8094
41.8294
41.8495
41.8696
41.8899
41.9102
41.9307
41.9512
41.9719
41.9926
42.0134
42.0343
42.0553
42.0764
42.0976
42.1189
42.1402
42.1617
42.1832
42.2048
42.2265
42.2483
42.2702
42.2921
42.3141
42.3362
42.3584
42.3807
42.403
42.4255
42.448
42.4705
42.4932
42.5159
42.5387
42.5616
42.5845
42.6075
42.6306
42.6538
42.677
42.7003
42.7237
42.7471
42.7706
42.7941
42.8177
42.8414
42.8652
42.889
42.9129
42.9368
42.9608
42.9848
43.0089
43.0331
43.0573
43.0816
43.1059
43.1303
43.1547
43.1792
43.2038
43.2284
43.253
43.2777
43.3024
43.3272
43.3521
43.377
43.4019
43.4269
43.4519
43.4769
43.5021
43.5272
43.5524
43.5776
43.6029
43.6282
43.6536
43.6789
43.7044
43.7298
43.7553
43.7809
43.8064
43.832
43.8576
43.8833
43.909
43.9347
43.9605
43.9862
44.0121
44.0379
44.0638
44.0896
44.1156
44.1415
44.1675
44.1935
44.2195
44.2455
44.2715
44.2976
44.3237
44.3498
44.3759
44.4021
44.4283
44.4544
44.4806
44.5068
44.5331
44.5593
44.5855
44.6118
44.6381
44.6643
44.6906
44.7169
44.7433
44.7696
44.7959
44.8222
44.8486
44.8749
44.9012
44.9276
44.9539
44.9803
45.0067
45.033
45.0594
45.0857
45.1121
45.1384
45.1648
45.1911
45.2175
45.2438
45.2702
45.2965
45.3228
45.3491
45.3755
45.4018
45.428
45.4543
45.4806
45.5069
45.5331
45.5594
45.5856
45.6118
45.638
45.6642
45.6904
45.7165
45.7427
45.7688
45.7949
45.821
45.8471
45.8731
45.8991
45.9252
45.9511
45.9771
46.0031
46.029
46.0549
46.0808
46.1066
46.1324
46.1582
46.184
46.2098
46.2355
46.2612
46.2868
46.3125
46.3381
46.3637
46.3892
46.4147
46.4402
46.4657
46.4911
46.5165
46.5418
46.5671
46.5924
46.6176
46.6429
46.668
46.6932
46.7183
46.7433
46.7683
46.7933
46.8183
46.8432
46.868
46.8928
46.9176
46.9423
46.967
46.9917
47.0163
47.0409
47.0654
47.0898
47.1143
47.1386
47.163
47.1873
47.2115
47.2357
47.2598
47.2839
47.3079
47.3319
47.3559
47.3798
47.4036
47.4274
47.4511
47.4748
47.4984
47.522
47.5455
47.569
47.5924
47.6158
47.6391
47.6623
47.6855
47.7086
47.7317
47.7547
47.7777
47.8006
47.8234
47.8462
47.8689
47.8916
47.9142
47.9367
47.9592
47.9816
48.0039
48.0262
48.0484
48.0706
48.0927
48.1147
48.1367
48.1586
48.1805
48.2022
48.2239
48.2456
48.2671
48.2887
48.3101
48.3315
48.3528
48.374
48.3952
48.4163
48.4373
48.4583
48.4791
48.5
48.5207
48.5414
48.562
48.5825
48.603
48.6234
48.6437
48.6639
48.6841
48.7042
48.7242
48.7442
48.764
48.7838
48.8036
48.8232
48.8428
48.8623
48.8817
48.901
48.9203
48.9395
48.9586
48.9776
48.9966
49.0155
49.0343
49.053
49.0716
49.0902
49.1087
49.1271
49.1454
49.1637
49.1818
49.1999
49.2179
49.2359
49.2537
49.2715
49.2891
49.3067
49.3243
49.3417
49.3591
49.3763
49.3935
49.4106
49.4276
49.4446
49.4614
49.4782
49.4949
49.5115
49.528
49.5444
49.5608
49.5771
49.5932
49.6093
49.6253
49.6413
49.6571
49.6729
49.6885
49.7041
49.7196
49.735
49.7503
49.7656
49.7807
49.7958
49.8107
49.8256
49.8404
49.8551
49.8698
49.8843
49.8987
49.9131
49.9274
49.9416
49.9557
49.9697
49.9836
49.9974
50.0112
50.0248
50.0384
50.0518
50.0652
50.0785
50.0917
50.1049
50.1179
50.1308
50.1437
50.1564
50.1691
50.1817
50.1942
50.2066
50.2189
50.2311
50.2433
50.2553
50.2673
50.2791
50.2909
50.3026
50.3142
50.3257
50.3371
50.3484
50.3596
50.3708
50.3818
50.3928
50.4036
50.4144
50.4251
50.4357
50.4462
50.4566
50.4669
50.4772
50.4873
50.4974
50.5073
50.5172
50.527
50.5367
50.5463
50.5558
50.5652
50.5745
50.5838
50.5929
50.602
50.6109
50.6198
50.6286
50.6373
50.6459
50.6544
50.6628
50.6712
50.6794
50.6876
50.6956
50.7036
50.7115
50.7193
50.727
50.7346
50.7421
50.7496
50.7569
50.7642
50.7714
50.7784
50.7854
50.7923
50.7991
50.8059
50.8125
50.819
50.8255
50.8319
50.8381
50.8443
50.8504
50.8564
50.8624
50.8682
50.8739
50.8796
50.8852
50.8907
50.8961
50.9014
50.9066
50.9117
50.9168
50.9217
50.9266
50.9314
50.9361
50.9407
50.9452
50.9497
50.954
50.9583
50.9625
50.9666
50.9706
50.9745
50.9783
50.9821
50.9858
50.9894
50.9929
50.9963
50.9996
51.0028
51.006
51.0091
51.0121
51.015
51.0178
51.0206
51.0232
51.0258
51.0283
51.0307
51.033
51.0353
51.0375
51.0395
51.0415
51.0435
51.0453
51.0471
51.0487
51.0503
51.0518
51.0533
51.0546
51.0559
51.0571
51.0582
51.0592
51.0602
51.0611
51.0619
51.0626
51.0632
51.0638
51.0643
51.0647
51.065
51.0652
51.0654
51.0655
51.0655
51.0655
51.0653
51.0651
51.0648
51.0645
51.064
51.0635
51.0629
51.0623
51.0615
51.0607
51.0598
51.0589
51.0578
51.0567
51.0555
51.0543
51.053
51.0516
51.0501
51.0485
51.0469
51.0452
51.0435
51.0416
51.0397
51.0378
51.0357
51.0336
51.0314
51.0292
51.0268
51.0245
51.022
51.0195
51.0169
51.0142
51.0115
51.0087
51.0058
51.0029
50.9999
50.9968
50.9937
50.9905
50.9872
50.9839
50.9805
50.977
50.9735
50.9699
50.9662
50.9625
50.9587
50.9549
50.951
50.947
50.9429
50.9388
50.9347
50.9305
50.9262
50.9218
50.9174
50.913
50.9084
50.9038
50.8992
50.8945
50.8897
50.8849
50.88
50.8751
50.8701
50.865
50.8599
50.8547
50.8495
50.8442
50.8389
50.8335
50.828
50.8225
50.817
50.8113
50.8057
50.7999
50.7942
50.7883
50.7824
50.7765
50.7705
50.7645
50.7584
50.7522
50.746
50.7398
50.7335
50.7271
50.7207
50.7142
50.7077
50.7012
50.6946
50.6879
50.6812
50.6745
50.6677
50.6608
50.6539
50.647
50.64
50.633
50.6259
50.6188
50.6116
50.6044
50.5971
50.5898
50.5825
50.5751
50.5676
50.5602
50.5526
50.5451
50.5375
50.5298
50.5221
50.5144
50.5066
50.4988
50.4909
50.483
50.4751
50.4671
50.4591
50.4511
50.443
50.4348
50.4267
50.4185
50.4102
50.4019
50.3936
50.3853
50.3769
50.3684
50.36
50.3515
50.3429
50.3344
50.3258
50.3171
50.3085
50.2997
50.291
50.2822
50.2734
50.2646
50.2557
50.2468
50.2379
50.2289
50.22
50.2109
50.2019
50.1928
50.1837
50.1746
50.1654
50.1562
50.147
50.1377
50.1284
50.1191
50.1098
50.1004
50.091
50.0816
50.0722
50.0627
50.0532
50.0437
50.0342
50.0246
50.015
50.0054
49.9958
49.9861
49.9764
49.9667
49.957
49.9473
49.9375
49.9277
49.9179
49.9081
49.8982
49.8884
49.8785
49.8686
49.8586
49.8487
49.8387
49.8287
49.8188
49.8087
49.7987
49.7886
49.7786
49.7685
49.7584
49.7483
49.7381
49.728
49.7178
49.7077
49.6975
49.6873
49.6771
49.6668
49.6566
49.6463
49.6361
49.6258
49.6155
49.6052
49.5949
49.5845
49.5742
49.5639
49.5535
49.5431
49.5327
49.5224
49.512
49.5016
49.4911
49.4807
49.4703
49.4599
49.4494
49.439
49.4285
49.4181
49.4076
49.3971
49.3866
49.3761
49.3656
49.3551
49.3446
49.3341
49.3236
49.3131
49.3026
49.2921
49.2816
49.271
49.2605
49.25
49.2395
49.2289
49.2184
49.2079
49.1973
49.1868
49.1762
49.1657
49.1552
49.1446
49.1341
49.1236
49.113
49.1025
49.092
49.0815
49.0709
49.0604
49.0499
49.0394
49.0289
49.0184
49.0079
48.9974
48.9869
48.9764
48.9659
48.9554
48.9449
48.9345
48.924
48.9136
48.9031
48.8927
48.8822
48.8718
48.8614
48.851
48.8406
48.8302
48.8198
48.8094
48.799
48.7887
48.7783
48.768
48.7576
48.7473
48.737
48.7267
48.7164
48.7061
48.6958
48.6856
48.6753
48.6651
48.6549
48.6447
48.6345
48.6243
48.6141
48.6039
48.5938
48.5837
48.5735
48.5634
48.5533
48.5433
48.5332
48.5232
48.5131
48.5031
48.4931
48.4831
48.4731
48.4632
48.4533
48.4433
48.4334
48.4235
48.4137
48.4038
48.394
48.3842
48.3744
48.3646
48.3548
48.3451
48.3353
48.3256
48.3159
48.3063
48.2966
48.287
48.2774
48.2678
48.2582
48.2487
48.2391
48.2296
48.2201
48.2107
48.2012
48.1918
48.1824
48.173
48.1637
48.1543
48.145
48.1357
48.1264
48.1172
48.108
48.0988
48.0896
48.0804
48.0713
48.0622
48.0531
48.0441
48.035
48.026
48.017
48.0081
47.9991
47.9902
47.9813
47.9725
47.9636
47.9548
47.946
47.9373
47.9286
47.9198
47.9112
47.9025
47.8939
47.8853
47.8767
47.8682
47.8597
47.8512
47.8427
47.8343
47.8259
47.8175
47.8091
47.8008
47.7925
47.7842
47.776
47.7678
47.7596
47.7515
47.7433
47.7352
47.7272
47.7191
47.7111
47.7032
47.6952
47.6873
47.6794
47.6716
47.6637
47.6559
47.6482
47.6404
47.6327
47.6251
47.6174
47.6098
47.6022
47.5947
47.5872
47.5797
47.5722
47.5648
47.5574
47.55
47.5427
47.5354
47.5282
47.5209
47.5137
47.5066
47.4994
47.4923
47.4853
47.4782
47.4712
47.4642
47.4573
47.4504
47.4435
47.4367
47.4299
47.4231
47.4164
47.4097
47.403
47.3963
47.3897
47.3832
47.3766
47.3701
47.3637
47.3572
47.3508
47.3445
47.3381
47.3318
47.3256
47.3193
47.3131
47.307
47.3008
47.2948
47.2887
47.2827
47.2767
47.2707
47.2648
47.2589
47.2531
47.2473
47.2415
47.2357
47.23
47.2244
47.2187
47.2131
47.2076
47.202
47.1965
47.1911
47.1856
47.1803
47.1749
47.1696
47.1643
47.1591
47.1538
47.1487
47.1435
47.1384
47.1334
47.1283
47.1233
47.1184
47.1134
47.1086
47.1037
47.0989
47.0941
47.0894
47.0847
47.08
47.0753
47.0707
47.0662
47.0617
47.0572
47.0527
47.0483
47.0439
47.0396
47.0352
47.031
47.0267
47.0225
47.0184
47.0142
47.0101
47.0061
47.0021
46.9981
46.9941
46.9902
46.9863
46.9825
46.9787
46.9749
46.9712
46.9675
46.9638
46.9602
46.9566
46.9531
46.9496
46.9461
46.9426
46.9392
46.9359
46.9325
46.9292
46.926
46.9227
46.9196
46.9164
46.9133
46.9102
46.9072
46.9041
46.9012
46.8982
46.8953
46.8925
46.8896
46.8868
46.8841
46.8813
46.8787
46.876
46.8734
46.8708
46.8683
46.8657
46.8633
46.8608
46.8584
46.856
46.8537
46.8514
46.8491
46.8469
46.8447
46.8426
46.8404
46.8383
46.8363
46.8343
46.8323
46.8303
46.8284
46.8265
46.8247
46.8229
46.8211
46.8194
46.8176
46.816
46.8143
46.8127
46.8112
46.8096
46.8081
46.8066
46.8052
46.8038
46.8024
46.8011
46.7998
46.7985
46.7973
46.7961
46.7949
46.7938
46.7927
46.7916
46.7906
46.7896
46.7886
46.7877
46.7868
46.7859
46.7851
46.7843
46.7835
46.7828
46.7821
46.7814
46.7808
46.7802
46.7796
46.779
46.7785
46.7781
46.7776
46.7772
46.7768
46.7765
46.7761
46.7758
46.7756
46.7754
46.7752
46.775
46.7749
46.7748
46.7747
46.7747
46.7746
46.7747
46.7747
46.7748
46.7749
46.7751
46.7752
46.7754
46.7757
46.7759
46.7762
46.7765
46.7769
46.7773
46.7777
46.7781
46.7786
46.7791
46.7796
46.7802
46.7808
46.7814
46.782
46.7827
46.7834
46.7841
46.7849
46.7857
46.7865
46.7873
46.7882
46.7891
46.79
46.791
46.792
46.793
46.794
46.7951
46.7962
46.7973
46.7984
46.7996
46.8008
46.802
46.8033
46.8046
46.8059
46.8072
46.8085
46.8099
46.8113
46.8128
46.8142
46.8157
46.8172
46.8188
46.8203
46.8219
46.8235
46.8252
46.8268
46.8285
46.8302
46.832
46.8337
46.8355
46.8373
46.8391
46.841
46.8429
46.8448
46.8467
46.8486
46.8506
46.8526
46.8546
46.8567
46.8587
46.8608
46.8629
46.8651
46.8672
46.8694
46.8716
46.8738
46.8761
46.8783
46.8806
46.8829
46.8853
46.8876
46.89
46.8924
46.8948
46.8972
46.8997
46.9022
46.9047
46.9072
46.9097
46.9123
46.9149
46.9175
46.9201
46.9227
46.9254
46.9281
46.9308
46.9335
46.9362
46.939
46.9417
46.9445
46.9473
46.9502
46.953
46.9559
46.9588
46.9617
46.9646
46.9675
46.9705
46.9734
46.9764
46.9794
46.9824
46.9855
46.9885
46.9916
46.9947
46.9978
47.0009
47.0041
47.0072
47.0104
47.0136
47.0168
47.02
47.0232
47.0265
47.0298
47.033
47.0363
47.0396
47.043
47.0463
47.0497
47.053
47.0564
47.0598
47.0632
47.0666
47.0701
47.0735
47.077
47.0805
47.084
47.0875
47.091
47.0945
47.0981
47.1016
47.1052
47.1088
47.1124
47.116
47.1196
47.1232
47.1269
47.1305
47.1342
47.1378
47.1415
47.1452
47.1489
47.1527
47.1564
47.1601
47.1639
47.1676
47.1714
47.1752
47.179
47.1828
47.1866
47.1904
47.1943
47.1981
47.2019
47.2058
47.2097
47.2136
47.2174
47.2213
47.2252
47.2291
47.2331
47.237
47.2409
47.2449
47.2488
47.2528
47.2568
47.2607
47.2647
47.2687
47.2727
47.2767
47.2807
47.2847
47.2888
47.2928
47.2968
47.3009
47.3049
47.309
47.313
47.3171
47.3212
47.3252
47.3293
47.3334
47.3375
47.3416
47.3457
47.3498
47.3539
47.3581
47.3622
47.3663
47.3704
47.3746
47.3787
47.3829
47.387
47.3912
47.3953
47.3995
47.4036
47.4078
47.412
47.4161
47.4203
47.4245
47.4287
47.4329
47.437
47.4412
47.4454
47.4496
47.4538
47.458
47.4622
47.4664
47.4706
47.4748
47.479
47.4832
47.4874
47.4916
47.4958
47.5
47.5042
47.5084
47.5127
47.5169
47.5211
47.5253
47.5295
47.5337
47.5379
47.5421
47.5463
47.5506
47.5548
47.559
47.5632
47.5674
47.5716
47.5758
47.58
47.5842
47.5884
47.5926
47.5968
47.601
47.6052
47.6094
47.6136
47.6178
47.622
47.6261
47.6303
47.6345
47.6387
47.6429
47.647
47.6512
47.6554
47.6595
47.6637
47.6678
47.672
47.6761
47.6803
47.6844
47.6886
47.6927
47.6968
47.701
47.7051
47.7092
47.7133
47.7174
47.7215
47.7256
47.7297
47.7338
47.7379
47.742
47.7461
47.7501
47.7542
47.7583
47.7623
47.7664
47.7704
47.7745
47.7785
47.7825
47.7866
47.7906
47.7946
47.7986
47.8026
47.8066
47.8106
47.8145
47.8185
47.8225
47.8264
47.8304
47.8343
47.8383
47.8422
47.8461
47.8501
47.854
47.8579
47.8618
47.8657
47.8695
47.8734
47.8773
47.8811
47.885
47.8888
47.8927
47.8965
47.9003
47.9041
47.9079
47.9117
47.9155
47.9193
47.923
47.9268
47.9306
47.9343
47.938
47.9417
47.9455
47.9492
47.9529
47.9566
47.9602
47.9639
47.9676
47.9712
47.9749
47.9785
47.9821
47.9857
47.9893
47.9929
47.9965
48.0001
48.0036
48.0072
48.0107
48.0143
48.0178
48.0213
48.0248
48.0283
48.0318
48.0352
48.0387
48.0421
48.0456
48.049
48.0524
48.0558
48.0592
48.0626
48.066
48.0693
48.0727
48.076
48.0794
48.0827
48.086
48.0893
48.0926
48.0958
48.0991
48.1023
48.1056
48.1088
48.112
48.1152
48.1184
48.1216
48.1247
48.1279
48.131
48.1342
48.1373
48.1404
48.1435
48.1466
48.1496
48.1527
48.1557
48.1588
48.1618
48.1648
48.1678
48.1708
48.1737
48.1767
48.1796
48.1826
48.1855
48.1884
48.1913
48.1941
48.197
48.1999
48.2027
48.2055
48.2083
48.2111
48.2139
48.2167
48.2195
48.2222
48.225
48.2277
48.2304
48.2331
48.2358
48.2384
48.2411
48.2437
48.2464
48.249
48.2516
48.2542
48.2567
48.2593
48.2618
48.2644
48.2669
48.2694
48.2719
48.2744
48.2768
48.2793
48.2817
48.2841
48.2865
48.2889
48.2913
48.2937
48.296
48.2984
48.3007
48.303
48.3053
48.3076
48.3099
48.3121
48.3144
48.3166
48.3188
48.321
48.3232
48.3253
48.3275
48.3296
48.3318
48.3339
48.336
48.3381
48.3401
48.3422
48.3442
48.3463
48.3483
48.3503
48.3522
48.3542
48.3562
48.3581
48.36
48.362
48.3639
48.3657
48.3676
48.3695
48.3713
48.3731
48.3749
48.3767
48.3785
48.3803
48.382
48.3838
48.3855
48.3872
48.3889
48.3906
48.3922
48.3939
48.3955
48.3972
48.3988
48.4004
48.4019
48.4035
48.4051
48.4066
48.4081
48.4096
48.4111
48.4126
48.4141
48.4155
48.4169
48.4184
48.4198
48.4212
48.4225
48.4239
48.4252
48.4266
48.4279
48.4292
48.4305
48.4318
48.433
48.4343
48.4355
48.4367
48.4379
48.4391
48.4403
48.4415
48.4426
48.4437
48.4449
48.446
48.4471
48.4481
48.4492
48.4502
48.4513
48.4523
48.4533
48.4543
48.4553
48.4562
48.4572
48.4581
48.459
48.4599
48.4608
48.4617
48.4626
48.4634
48.4643
48.4651
48.4659
48.4667
48.4675
48.4682
48.469
48.4697
48.4705
48.4712
48.4719
48.4726
48.4732
48.4739
48.4745
48.4752
48.4758
48.4764
48.477
48.4775
48.4781
48.4786
48.4792
48.4797
48.4802
48.4807
48.4812
48.4816
48.4821
48.4825
48.483
48.4834
48.4838
48.4842
48.4845
48.4849
48.4853
48.4856
48.4859
48.4862
48.4865
48.4868
48.4871
48.4873
48.4876
48.4878
48.488
48.4882
48.4884
48.4886
48.4888
48.4889
48.4891
48.4892
48.4893
48.4894
48.4895
48.4896
48.4896
48.4897
48.4897
48.4898
48.4898
48.4898
48.4898
48.4898
48.4897
48.4897
48.4896
48.4896
48.4895
48.4894
48.4893
48.4892
48.489
48.4889
48.4888
48.4886
48.4884
48.4882
48.488
48.4878
48.4876
48.4874
48.4871
48.4869
48.4866
48.4863
48.486
48.4857
48.4854
48.4851
48.4847
48.4844
48.484
48.4837
48.4833
48.4829
48.4825
48.4821
48.4817
48.4812
48.4808
48.4803
48.4799
48.4794
48.4789
48.4784
48.4779
48.4774
48.4768
48.4763
48.4757
48.4752
48.4746
48.474
48.4734
48.4728
48.4722
48.4716
48.471
48.4703
48.4697
48.469
48.4683
48.4676
48.4669
48.4662
48.4655
48.4648
48.4641
48.4633
48.4626
48.4618
48.4611
48.4603
48.4595
48.4587
48.4579
48.4571
48.4562
48.4554
48.4546
48.4537
48.4529
48.452
48.4511
48.4502
48.4493
48.4484
48.4475
48.4466
48.4457
48.4447
48.4438
48.4428
48.4418
48.4409
48.4399
48.4389
48.4379
48.4369
48.4359
48.4349
48.4338
48.4328
48.4317
48.4307
48.4296
48.4286
48.4275
48.4264
48.4253
48.4242
48.4231
48.422
48.4209
48.4197
48.4186
48.4174
48.4163
48.4151
48.414
48.4128
48.4116
48.4104
48.4092
48.408
48.4068
48.4056
48.4044
48.4032
48.4019
48.4007
48.3994
48.3982
48.3969
48.3957
48.3944
48.3931
48.3918
48.3905
48.3892
48.3879
48.3866
48.3853
48.384
48.3826
48.3813
48.38
48.3786
48.3773
48.3759
48.3746
48.3732
48.3718
48.3704
48.3691
48.3677
48.3663
48.3649
48.3635
48.362
48.3606
48.3592
48.3578
48.3564
48.3549
48.3535
48.352
48.3506
48.3491
48.3477
48.3462
48.3447
48.3433
48.3418
48.3403
48.3388
48.3373
48.3358
48.3343
48.3328
48.3313
48.3298
48.3283
48.3268
48.3252
48.3237
48.3222
48.3207
48.3191
48.3176
48.316
48.3145
48.3129
48.3114
48.3098
48.3082
48.3067
48.3051
48.3035
48.302
48.3004
48.2988
48.2972
48.2956
48.294
48.2924
48.2908
48.2892
48.2876
48.286
48.2844
48.2828
48.2812
48.2796
48.278
48.2763
48.2747
48.2731
48.2715
48.2698
48.2682
48.2666
48.2649
48.2633
48.2617
48.26
48.2584
48.2567
48.2551
48.2534
48.2518
48.2501
48.2485
48.2468
48.2452
48.2435
48.2418
48.2402
48.2385
48.2368
48.2352
48.2335
48.2318
48.2302
48.2285
48.2268
48.2252
48.2235
48.2218
48.2201
48.2185
48.2168
48.2151
48.2134
48.2117
48.2101
48.2084
48.2067
48.205
48.2033
48.2017
48.2
48.1983
48.1966
48.1949
48.1932
48.1916
48.1899
48.1882
48.1865
48.1848
48.1831
48.1815
48.1798
48.1781
48.1764
48.1747
48.1731
48.1714
48.1697
48.168
48.1663
48.1647
48.163
48.1613
48.1596
48.1579
48.1563
48.1546
48.1529
48.1512
48.1496
48.1479
48.1462
48.1446
48.1429
48.1412
48.1396
48.1379
48.1362
48.1346
48.1329
48.1312
48.1296
48.1279
48.1263
48.1246
48.123
48.1213
48.1197
48.118
48.1164
48.1147
48.1131
48.1114
48.1098
48.1082
48.1065
48.1049
48.1033
48.1016
48.1
48.0984
48.0967
48.0951
48.0935
48.0919
48.0903
48.0887
48.0871
48.0854
48.0838
48.0822
48.0806
48.079
48.0774
48.0758
48.0743
48.0727
48.0711
48.0695
48.0679
48.0663
48.0648
48.0632
48.0616
48.0601
48.0585
48.0569
48.0554
48.0538
48.0523
48.0507
48.0492
48.0476
48.0461
48.0446
48.043
48.0415
48.04
48.0384
48.0369
48.0354
48.0339
48.0324
48.0309
48.0294
48.0279
48.0264
48.0249
48.0234
48.0219
48.0204
48.019
48.0175
48.016
48.0145
48.0131
48.0116
48.0102
48.0087
48.0073
48.0058
48.0044
48.0029
48.0015
48.0001
47.9987
47.9972
47.9958
47.9944
47.993
47.9916
47.9902
47.9888
47.9874
47.986
47.9846
47.9833
47.9819
47.9805
47.9792
47.9778
47.9764
47.9751
47.9737
47.9724
47.971
47.9697
47.9684
47.9671
47.9657
47.9644
47.9631
47.9618
47.9605
47.9592
47.9579
47.9566
47.9553
47.954
47.9528
47.9515
47.9502
47.949
47.9477
47.9465
47.9452
47.944
47.9427
47.9415
47.9403
47.9391
47.9378
47.9366
47.9354
47.9342
47.933
47.9318
47.9307
47.9295
47.9283
47.9271
47.926
47.9248
47.9236
47.9225
47.9213
47.9202
47.9191
47.9179
47.9168
47.9157
47.9146
47.9135
47.9124
47.9113
47.9102
47.9091
47.908
47.9069
47.9058
47.9048
47.9037
47.9027
47.9016
47.9006
47.8995
47.8985
47.8975
47.8964
47.8954
47.8944
47.8934
47.8924
47.8914
47.8904
47.8894
47.8884
47.8875
47.8865
47.8855
47.8846
47.8836
47.8827
47.8817
47.8808
47.8799
47.879
47.878
47.8771
47.8762
47.8753
47.8744
47.8735
47.8726
47.8718
47.8709
47.87
47.8692
47.8683
47.8675
47.8666
47.8658
47.8649
47.8641
47.8633
47.8625
47.8617
47.8609
47.8601
47.8593
47.8585
47.8577
47.8569
47.8561
47.8554
47.8546
47.8539
47.8531
47.8524
47.8516
47.8509
47.8502
47.8495
47.8488
47.8481
47.8473
47.8467
47.846
47.8453
47.8446
47.8439
47.8433
47.8426
47.8419
47.8413
47.8407
47.84
47.8394
47.8388
47.8381
47.8375
47.8369
47.8363
47.8357
47.8351
47.8345
47.834
47.8334
47.8328
47.8323
47.8317
47.8311
47.8306
47.8301
47.8295
47.829
47.8285
47.828
47.8275
47.8269
47.8264
47.826
47.8255
47.825
47.8245
47.824
47.8236
47.8231
47.8227
47.8222
47.8218
47.8213
47.8209
47.8205
47.8201
47.8196
47.8192
47.8188
47.8184
47.818
47.8177
47.8173
47.8169
47.8165
47.8162
47.8158
47.8155
47.8151
47.8148
47.8144
47.8141
47.8138
47.8135
47.8132
47.8129
47.8126
47.8123
47.812
47.8117
47.8114
47.8111
47.8109
47.8106
47.8103
47.8101
47.8098
47.8096
47.8094
47.8091
47.8089
47.8087
47.8085
47.8083
47.8081
47.8079
47.8077
47.8075
47.8073
47.8071
47.807
47.8068
47.8066
47.8065
47.8063
47.8062
47.806
47.8059
47.8058
47.8057
47.8055
47.8054
47.8053
47.8052
47.8051
47.805
47.8049
47.8049
47.8048
47.8047
47.8046
47.8046
47.8045
47.8045
47.8044
47.8044
47.8043
47.8043
47.8043
47.8043
47.8042
47.8042
47.8042
47.8042
47.8042
47.8042
47.8042
47.8043
47.8043
47.8043
47.8043
47.8044
47.8044
47.8045
47.8045
47.8046
47.8046
47.8047
47.8048
47.8048
47.8049
47.805
47.8051
47.8052
47.8053
47.8054
47.8055
47.8056
47.8057
47.8058
47.806
47.8061
47.8062
47.8064
47.8065
47.8067
47.8068
47.807
47.8071
47.8073
47.8075
47.8076
47.8078
47.808
47.8082
47.8084
47.8086
47.8088
47.809
47.8092
47.8094
47.8096
47.8098
47.81
47.8103
47.8105
47.8107
47.811
47.8112
47.8115
47.8117
47.812
47.8122
47.8125
47.8128
47.8131
47.8133
47.8136
47.8139
47.8142
47.8145
47.8148
47.8151
47.8154
47.8157
47.816
47.8163
47.8166
47.8169
47.8173
47.8176
47.8179
47.8183
47.8186
47.819
47.8193
47.8197
47.82
47.8204
47.8207
47.8211
47.8215
47.8218
47.8222
47.8226
47.823
47.8234
47.8237
47.8241
47.8245
47.8249
47.8253
47.8257
47.8261
47.8266
47.827
47.8274
47.8278
47.8282
47.8287
47.8291
47.8295
47.83
47.8304
47.8308
47.8313
47.8317
47.8322
47.8326
47.8331
47.8336
47.834
47.8345
47.835
47.8354
47.8359
47.8364
47.8369
47.8373
47.8378
47.8383
47.8388
47.8393
47.8398
47.8403
47.8408
47.8413
47.8418
47.8423
47.8428
47.8433
47.8439
47.8444
47.8449
47.8454
47.8459
47.8465
47.847
47.8475
47.8481
47.8486
47.8492
47.8497
47.8502
47.8508
47.8513
47.8519
47.8524
47.853
47.8536
47.8541
47.8547
47.8552
47.8558
47.8564
47.8569
47.8575
47.8581
47.8587
47.8592
47.8598
47.8604
47.861
47.8616
47.8622
47.8627
47.8633
47.8639
47.8645
47.8651
47.8657
47.8663
47.8669
47.8675
47.8681
47.8687
47.8693
47.8699
47.8706
47.8712
47.8718
47.8724
47.873
47.8736
47.8742
47.8749
47.8755
47.8761
47.8767
47.8774
47.878
47.8786
47.8793
47.8799
47.8805
47.8811
47.8818
47.8824
47.8831
47.8837
47.8843
47.885
47.8856
47.8863
47.8869
47.8875
47.8882
47.8888
47.8895
47.8901
47.8908
47.8914
47.8921
47.8927
47.8934
47.894
47.8947
47.8954
47.896
47.8967
47.8973
47.898
47.8986
47.8993
47.9
47.9006
47.9013
47.902
47.9026
47.9033
47.9039
47.9046
47.9053
47.9059
47.9066
47.9073
47.9079
47.9086
47.9093
47.9099
47.9106
47.9113
47.912
47.9126
47.9133
47.914
47.9146
47.9153
47.916
47.9167
47.9173
47.918
47.9187
47.9193
47.92
47.9207
47.9214
47.922
47.9227
47.9234
47.924
47.9247
47.9254
47.9261
47.9267
47.9274
47.9281
47.9288
47.9294
47.9301
47.9308
47.9314
47.9321
47.9328
47.9335
47.9341
47.9348
47.9355
47.9361
47.9368
47.9375
47.9382
47.9388
47.9395
47.9402
47.9408
47.9415
47.9422
47.9428
47.9435
47.9442
47.9448
47.9455
47.9462
47.9468
47.9475
47.9482
47.9488
47.9495
47.9501
47.9508
47.9515
47.9521
47.9528
47.9534
47.9541
47.9548
47.9554
47.9561
47.9567
47.9574
47.958
47.9587
47.9593
47.96
47.9606
47.9613
47.9619
47.9626
47.9632
47.9639
47.9645
47.9652
47.9658
47.9664
47.9671
47.9677
47.9684
47.969
47.9696
47.9703
47.9709
47.9715
47.9722
47.9728
47.9734
47.9741
47.9747
47.9753
47.9759
47.9766
47.9772
47.9778
47.9784
47.9791
47.9797
47.9803
47.9809
47.9815
47.9821
47.9828
47.9834
47.984
47.9846
47.9852
47.9858
47.9864
47.987
47.9876
47.9882
47.9888
47.9894
47.99
47.9906
47.9912
47.9918
47.9924
47.993
47.9936
47.9941
47.9947
47.9953
47.9959
47.9965
47.9971
47.9976
47.9982
47.9988
47.9994
47.9999
48.0005
48.0011
48.0016
48.0022
48.0028
48.0033
48.0039
48.0044
48.005
48.0055
48.0061
48.0066
48.0072
48.0077
48.0083
48.0088
48.0094
48.0099
48.0105
48.011
48.0115
48.0121
48.0126
48.0131
48.0137
48.0142
48.0147
48.0152
48.0158
48.0163
48.0168
48.0173
48.0178
48.0183
48.0188
48.0193
48.0199
48.0204
48.0209
48.0214
48.0219
48.0224
48.0228
48.0233
48.0238
48.0243
48.0248
48.0253
48.0258
48.0263
48.0267
48.0272
48.0277
48.0282
48.0286
48.0291
48.0296
48.03
48.0305
48.0309
48.0314
48.0319
48.0323
48.0328
48.0332
48.0337
48.0341
48.0346
48.035
48.0354
48.0359
48.0363
48.0367
48.0372
48.0376
48.038
48.0385
48.0389
48.0393
48.0397
48.0401
48.0405
48.041
48.0414
48.0418
48.0422
48.0426
48.043
48.0434
48.0438
48.0442
48.0446
48.0449
48.0453
48.0457
48.0461
48.0465
48.0469
48.0472
48.0476
48.048
48.0484
48.0487
48.0491
48.0495
48.0498
48.0502
48.0505
48.0509
48.0512
48.0516
48.0519
48.0523
48.0526
48.053
48.0533
48.0536
48.054
48.0543
48.0546
48.0549
48.0553
48.0556
48.0559
48.0562
48.0565
48.0569
48.0572
48.0575
48.0578
48.0581
48.0584
48.0587
48.059
48.0593
48.0596
48.0599
48.0601
48.0604
48.0607
48.061
48.0613
48.0615
48.0618
48.0621
48.0624
48.0626
48.0629
48.0632
48.0634
48.0637
48.0639
48.0642
48.0644
48.0647
48.0649
48.0652
48.0654
48.0656
48.0659
48.0661
48.0664
48.0666
48.0668
48.067
48.0673
48.0675
48.0677
48.0679
48.0681
48.0683
48.0685
48.0688
48.069
48.0692
48.0694
48.0696
48.0697
48.0699
48.0701
48.0703
48.0705
48.0707
48.0709
48.0711
48.0712
48.0714
48.0716
48.0717
48.0719
48.0721
48.0722
48.0724
48.0726
48.0727
48.0729
48.073
48.0732
48.0733
48.0735
48.0736
48.0737
48.0739
48.074
48.0742
48.0743
48.0744
48.0745
48.0747
48.0748
48.0749
48.075
48.0752
48.0753
48.0754
48.0755
48.0756
48.0757
48.0758
48.0759
48.076
48.0761
48.0762
48.0763
48.0764
48.0765
48.0765
48.0766
48.0767
48.0768
48.0769
48.0769
48.077
48.0771
48.0772
48.0772
48.0773
48.0773
48.0774
48.0775
48.0775
48.0776
48.0776
48.0777
48.0777
48.0778
48.0778
48.0779
48.0779
48.0779
48.078
48.078
48.078
48.0781
48.0781
48.0781
48.0781
48.0782
48.0782
48.0782
48.0782
48.0782
48.0782
48.0782
48.0782
48.0783
48.0783
48.0783
48.0783
48.0783
48.0782
48.0782
48.0782
48.0782
48.0782
48.0782
48.0782
48.0782
48.0781
48.0781
48.0781
48.0781
48.078
48.078
48.078
48.0779
48.0779
48.0779
48.0778
48.0778
48.0778
48.0777
48.0777
48.0776
48.0776
48.0775
48.0775
48.0774
48.0773
48.0773
48.0772
48.0772
48.0771
48.077
48.077
48.0769
48.0768
48.0768
48.0767
48.0766
48.0765
48.0764
48.0764
48.0763
48.0762
48.0761
48.076
48.0759
48.0758
48.0758
48.0757
48.0756
48.0755
48.0754
48.0753
48.0752
48.0751
48.075
48.0748
48.0747
48.0746
48.0745
48.0744
48.0743
48.0742
48.074
48.0739
48.0738
48.0737
48.0736
48.0734
48.0733
48.0732
48.073
48.0729
48.0728
48.0727
48.0725
48.0724
48.0722
48.0721
48.072
48.0718
48.0717
48.0715
48.0714
48.0712
48.0711
48.0709
48.0708
48.0706
48.0705
48.0703
48.0702
48.07
48.0698
48.0697
48.0695
48.0693
48.0692
48.069
48.0688
48.0687
48.0685
48.0683
48.0682
48.068
48.0678
48.0676
48.0675
48.0673
48.0671
48.0669
48.0667
48.0665
48.0664
48.0662
48.066
48.0658
48.0656
48.0654
48.0652
48.065
48.0648
48.0646
48.0644
48.0642
48.0641
48.0639
48.0637
48.0635
48.0632
48.063
48.0628
48.0626
48.0624
48.0622
48.062
48.0618
48.0616
48.0614
48.0612
48.061
48.0607
48.0605
48.0603
48.0601
48.0599
48.0597
48.0594
48.0592
48.059
48.0588
48.0586
48.0583
48.0581
48.0579
48.0577
48.0574
48.0572
48.057
48.0567
48.0565
48.0563
48.0561
48.0558
48.0556
48.0554
48.0551
48.0549
48.0546
48.0544
48.0542
48.0539
48.0537
48.0535
48.0532
48.053
48.0527
48.0525
48.0522
48.052
48.0518
48.0515
48.0513
48.051
48.0508
48.0505
48.0503
48.05
48.0498
48.0495
48.0493
48.049
48.0488
48.0485
48.0483
48.048
48.0478
48.0475
48.0473
48.047
48.0468
48.0465
48.0463
48.046
48.0457
48.0455
48.0452
48.045
48.0447
48.0445
48.0442
48.0439
48.0437
48.0434
48.0432
48.0429
48.0426
48.0424
48.0421
48.0418
48.0416
48.0413
48.0411
48.0408
48.0405
48.0403
48.04
48.0397
48.0395
48.0392
48.0389
48.0387
48.0384
48.0381
48.0379
48.0376
48.0374
48.0371
48.0368
48.0366
48.0363
48.036
48.0357
48.0355
48.0352
48.0349
48.0347
48.0344
48.0341
48.0339
48.0336
48.0333
48.0331
48.0328
48.0325
48.0323
48.032
48.0317
48.0315
48.0312
48.0309
48.0306
48.0304
48.0301
48.0298
48.0296
48.0293
48.029
48.0288
48.0285
48.0282
48.028
48.0277
48.0274
48.0272
48.0269
48.0266
48.0263
48.0261
48.0258
48.0255
48.0253
48.025
48.0247
48.0245
48.0242
48.0239
48.0237
48.0234
48.0231
48.0229
48.0226
48.0223
48.0221
48.0218
48.0215
48.0213
48.021
48.0207
48.0205
48.0202
48.02
48.0197
48.0194
48.0192
48.0189
48.0186
48.0184
48.0181
48.0178
48.0176
48.0173
48.0171
48.0168
48.0165
48.0163
48.016
48.0158
48.0155
48.0152
48.015
48.0147
48.0145
48.0142
48.0139
48.0137
48.0134
48.0132
48.0129
48.0127
48.0124
48.0122
48.0119
48.0116
48.0114
48.0111
48.0109
48.0106
48.0104
48.0101
48.0099
48.0096
48.0094
48.0091
48.0089
48.0086
48.0084
48.0081
48.0079
48.0076
48.0074
48.0072
48.0069
48.0067
48.0064
48.0062
48.0059
48.0057
48.0055
48.0052
48.005
48.0047
48.0045
48.0043
48.004
48.0038
48.0035
48.0033
48.0031
48.0028
48.0026
48.0024
48.0021
48.0019
48.0017
48.0014
48.0012
48.001
48.0007
48.0005
48.0003
48
47.9998
47.9996
47.9994
47.9991
47.9989
47.9987
47.9985
47.9982
47.998
47.9978
47.9976
47.9974
47.9971
47.9969
47.9967
47.9965
47.9963
47.9961
47.9958
47.9956
47.9954
47.9952
47.995
47.9948
47.9946
47.9943
47.9941
47.9939
47.9937
47.9935
47.9933
47.9931
47.9929
47.9927
47.9925
47.9923
47.9921
47.9919
47.9917
47.9915
47.9913
47.9911
47.9909
47.9907
47.9905
47.9903
47.9901
47.9899
47.9897
47.9895
47.9893
47.9891
47.9889
47.9888
47.9886
47.9884
47.9882
47.988
47.9878
47.9876
47.9875
47.9873
47.9871
47.9869
47.9867
47.9866
47.9864
47.9862
47.986
47.9858
47.9857
47.9855
47.9853
47.9852
47.985
47.9848
47.9846
47.9845
47.9843
47.9841
47.984
47.9838
47.9836
47.9835
47.9833
47.9832
47.983
47.9828
47.9827
47.9825
47.9824
47.9822
47.982
47.9819
47.9817
47.9816
47.9814
47.9813
47.9811
47.981
47.9808
47.9807
47.9805
47.9804
47.9802
47.9801
47.98
47.9798
47.9797
47.9795
47.9794
47.9793
47.9791
47.979
47.9788
47.9787
47.9786
47.9784
47.9783
47.9782
47.978
47.9779
47.9778
47.9777
47.9775
47.9774
47.9773
47.9772
47.977
47.9769
47.9768
47.9767
47.9766
47.9764
47.9763
47.9762
47.9761
47.976
47.9759
47.9757
47.9756
47.9755
47.9754
47.9753
47.9752
47.9751
47.975
47.9749
47.9748
47.9747
47.9746
47.9745
47.9744
47.9743
47.9742
47.9741
47.974
47.9739
47.9738
47.9737
47.9736
47.9735
47.9734
47.9733
47.9732
47.9731
47.973
47.9729
47.9729
47.9728
47.9727
47.9726
47.9725
47.9724
47.9724
47.9723
47.9722
47.9721
47.972
47.972
47.9719
47.9718
47.9717
47.9717
47.9716
47.9715
47.9715
47.9714
47.9713
47.9713
47.9712
47.9711
47.9711
47.971
47.9709
47.9709
47.9708
47.9708
47.9707
47.9706
47.9706
47.9705
47.9705
47.9704
47.9704
47.9703
47.9703
47.9702
47.9702
47.9701
47.9701
47.97
47.97
47.9699
47.9699
47.9698
47.9698
47.9697
47.9697
47.9697
47.9696
47.9696
47.9695
47.9695
47.9695
47.9694
47.9694
47.9694
47.9693
47.9693
47.9693
47.9692
47.9692
47.9692
47.9692
47.9691
47.9691
47.9691
47.9691
47.969
47.969
47.969
47.969
47.969
47.9689
47.9689
47.9689
47.9689
47.9689
47.9688
47.9688
47.9688
47.9688
47.9688
47.9688
47.9688
47.9688
47.9688
47.9688
47.9687
47.9687
47.9687
47.9687
47.9687
47.9687
47.9687
47.9687
47.9687
47.9687
47.9687
47.9687
47.9687
47.9687
47.9687
47.9687
47.9687
47.9687
47.9688
47.9688
47.9688
47.9688
47.9688
47.9688
47.9688
47.9688
47.9688
47.9689
47.9689
47.9689
47.9689
47.9689
47.9689
47.969
47.969
47.969
47.969
47.969
47.9691
47.9691
47.9691
47.9691
47.9692
47.9692
47.9692
47.9692
47.9693
47.9693
47.9693
47.9693
47.9694
47.9694
47.9694
47.9695
47.9695
47.9695
47.9696
47.9696
47.9696
47.9697
47.9697
47.9698
47.9698
47.9698
47.9699
47.9699
47.97
47.97
47.97
47.9701
47.9701
47.9702
47.9702
47.9703
47.9703
47.9704
47.9704
47.9704
47.9705
47.9705
47.9706
47.9706
47.9707
47.9707
47.9708
47.9708
47.9709
47.971
47.971
47.9711
47.9711
47.9712
47.9712
47.9713
47.9713
47.9714
47.9715
47.9715
47.9716
47.9716
47.9717
47.9718
47.9718
47.9719
47.972
47.972
47.9721
47.9721
47.9722
47.9723
47.9723
47.9724
47.9725
47.9725
47.9726
47.9727
47.9728
47.9728
47.9729
47.973
47.973
47.9731
47.9732
47.9732
47.9733
47.9734
47.9735
47.9735
47.9736
47.9737
47.9738
47.9738
47.9739
47.974
47.9741
47.9742
47.9742
47.9743
47.9744
47.9745
47.9746
47.9746
47.9747
47.9748
47.9749
47.975
47.975
47.9751
47.9752
47.9753
47.9754
47.9755
47.9755
47.9756
47.9757
47.9758
47.9759
47.976
47.9761
47.9761
47.9762
47.9763
47.9764
47.9765
47.9766
47.9767
47.9768
47.9769
47.9769
47.977
47.9771
47.9772
47.9773
47.9774
47.9775
47.9776
47.9777
47.9778
47.9779
47.978
47.9781
47.9781
47.9782
47.9783
47.9784
47.9785
47.9786
47.9787
47.9788
47.9789
47.979
47.9791
47.9792
47.9793
47.9794
47.9795
47.9796
47.9797
47.9798
47.9799
47.98
47.9801
47.9802
47.9803
47.9804
47.9805
47.9806
47.9807
47.9808
47.9809
47.981
47.9811
47.9812
47.9813
47.9814
47.9815
47.9816
47.9817
47.9818
47.9819
47.982
47.9821
47.9822
47.9823
47.9824
47.9825
47.9826
47.9827
47.9828
47.983
47.9831
47.9832
47.9833
47.9834
47.9835
47.9836
47.9837
47.9838
47.9839
47.984
47.9841
47.9842
47.9843
47.9844
47.9845
47.9846
47.9847
47.9848
47.985
47.9851
47.9852
47.9853
47.9854
47.9855
47.9856
47.9857
47.9858
47.9859
47.986
47.9861
47.9862
47.9863
47.9865
47.9866
47.9867
47.9868
47.9869
47.987
47.9871
47.9872
47.9873
47.9874
47.9875
47.9876
47.9877
47.9878
47.988
47.9881
47.9882
47.9883
47.9884
47.9885
47.9886
47.9887
47.9888
47.9889
47.989
47.9891
47.9892
47.9894
47.9895
47.9896
47.9897
47.9898
47.9899
47.99
47.9901
47.9902
47.9903
47.9904
47.9905
47.9906
47.9907
47.9908
47.991
47.9911
47.9912
47.9913
47.9914
47.9915
47.9916
47.9917
47.9918
47.9919
47.992
47.9921
47.9922
47.9923
47.9924
47.9925
47.9926
47.9928
47.9929
47.993
47.9931
47.9932
47.9933
47.9934
47.9935
47.9936
47.9937
47.9938
47.9939
47.994
47.9941
47.9942
47.9943
47.9944
47.9945
47.9946
47.9947
47.9948
47.9949
47.995
47.9951
47.9952
47.9953
47.9954
47.9955
47.9956
47.9957
47.9958
47.9959
47.996
47.9961
47.9962
47.9963
47.9964
47.9965
47.9966
47.9967
47.9968
47.9969
47.997
47.9971
47.9972
47.9973
47.9974
47.9975
47.9976
47.9977
47.9978
47.9979
47.998
47.9981
47.9982
47.9983
47.9984
47.9985
47.9986
47.9987
47.9988
47.9989
47.999
47.999
47.9991
47.9992
47.9993
47.9994
47.9995
47.9996
47.9997
47.9998
47.9999
48
48.0001
48.0002
48.0002
48.0003
48.0004
48.0005
48.0006
48.0007
48.0008
48.0009
48.001
48.001
48.0011
48.0012
48.0013
48.0014
48.0015
48.0016
48.0017
48.0017
48.0018
48.0019
48.002
48.0021
48.0022
48.0023
48.0023
48.0024
48.0025
48.0026
48.0027
48.0028
48.0028
48.0029
48.003
48.0031
48.0032
48.0032
48.0033
48.0034
48.0035
48.0036
48.0036
48.0037
48.0038
48.0039
48.004
48.004
48.0041
48.0042
48.0043
48.0043
48.0044
48.0045
48.0046
48.0046
48.0047
48.0048
48.0049
48.0049
48.005
48.0051
48.0052
48.0052
48.0053
48.0054
48.0054
48.0055
48.0056
48.0057
48.0057
48.0058
48.0059
48.0059
48.006
48.0061
48.0061
48.0062
48.0063
48.0063
48.0064
48.0065
48.0065
48.0066
48.0067
48.0067
48.0068
48.0069
48.0069
48.007
48.007
48.0071
48.0072
48.0072
48.0073
48.0074
48.0074
48.0075
48.0075
48.0076
48.0077
48.0077
48.0078
48.0078
48.0079
48.0079
48.008
48.0081
48.0081
48.0082
48.0082
48.0083
48.0083
48.0084
48.0085
48.0085
48.0086
48.0086
48.0087
48.0087
48.0088
48.0088
48.0089
48.0089
48.009
48.009
48.0091
48.0091
48.0092
48.0092
48.0093
48.0093
48.0094
48.0094
48.0095
48.0095
48.0096
48.0096
48.0096
48.0097
48.0097
48.0098
48.0098
48.0099
48.0099
48.01
48.01
48.01
48.0101
48.0101
48.0102
48.0102
48.0102
48.0103
48.0103
48.0104
48.0104
48.0104
48.0105
48.0105
48.0106
48.0106
48.0106
48.0107
48.0107
48.0107
48.0108
48.0108
48.0108
48.0109
48.0109
48.0109
48.011
48.011
48.011
48.0111
48.0111
48.0111
48.0112
48.0112
48.0112
48.0113
48.0113
48.0113
48.0113
48.0114
48.0114
48.0114
48.0115
48.0115
48.0115
48.0115
48.0116
48.0116
48.0116
48.0116
48.0117
48.0117
48.0117
48.0117
48.0118
48.0118
48.0118
48.0118
48.0118
48.0119
48.0119
48.0119
48.0119
48.0119
48.012
48.012
48.012
48.012
48.012
48.0121
48.0121
48.0121
48.0121
48.0121
48.0121
48.0122
48.0122
48.0122
48.0122
48.0122
48.0122
48.0122
48.0123
48.0123
48.0123
48.0123
48.0123
48.0123
48.0123
48.0123
48.0123
48.0124
48.0124
48.0124
48.0124
48.0124
48.0124
48.0124
48.0124
48.0124
48.0124
48.0124
48.0124
48.0125
48.0125
48.0125
48.0125
48.0125
48.0125
48.0125
48.0125
48.0125
48.0125
48.0125
48.0125
48.0125
48.0125
48.0125
48.0125
48.0125
48.0125
48.0125
48.0125
48.0125
48.0125
48.0125
48.0125
48.0125
48.0125
48.0125
48.0125
48.0125
48.0125
48.0125
48.0125
48.0125
48.0125
48.0125
48.0125
48.0125
48.0124
48.0124
48.0124
48.0124
48.0124
48.0124
48.0124
48.0124
48.0124
48.0124
48.0124
48.0124
48.0124
48.0124
48.0123
48.0123
48.0123
48.0123
48.0123
48.0123
48.0123
48.0123
48.0123
48.0122
48.0122
48.0122
48.0122
48.0122
48.0122
48.0122
48.0121
48.0121
48.0121
48.0121
48.0121
48.0121
48.0121
48.012
48.012
48.012
48.012
48.012
48.012
48.0119
48.0119
48.0119
48.0119
48.0119
48.0119
48.0118
48.0118
48.0118
48.0118
48.0118
48.0117
48.0117
48.0117
48.0117
48.0117
48.0116
48.0116
48.0116
48.0116
48.0115
48.0115
48.0115
48.0115
48.0115
48.0114
48.0114
48.0114
48.0114
48.0113
48.0113
48.0113
48.0113
48.0112
48.0112
48.0112
48.0112
48.0111
48.0111
48.0111
48.0111
48.011
48.011
48.011
48.0109
48.0109
48.0109
48.0109
48.0108
48.0108
48.0108
48.0108
48.0107
48.0107
48.0107
48.0106
48.0106
48.0106
48.0105
48.0105
48.0105
48.0105
48.0104
48.0104
48.0104
48.0103
48.0103
48.0103
48.0102
48.0102
48.0102
48.0101
48.0101
48.0101
48.01
48.01
48.01
48.0099
48.0099
48.0099
48.0098
48.0098
48.0098
48.0097
48.0097
48.0097
48.0096
48.0096
48.0096
48.0095
48.0095
48.0095
48.0094
48.0094
48.0094
48.0093
48.0093
48.0093
48.0092
48.0092
48.0091
48.0091
48.0091
48.009
48.009
48.009
48.0089
48.0089
48.0088
48.0088
48.0088
48.0087
48.0087
48.0087
48.0086
48.0086
48.0085
48.0085
48.0085
48.0084
48.0084
48.0084
48.0083
48.0083
48.0082
48.0082
48.0082
48.0081
48.0081
48.008
48.008
48.008
48.0079
48.0079
48.0078
48.0078
48.0078
48.0077
48.0077
48.0076
48.0076
48.0076
48.0075
48.0075
48.0074
48.0074
48.0074
48.0073
48.0073
48.0072
48.0072
48.0072
48.0071
48.0071
48.007
48.007
48.0069
48.0069
48.0069
48.0068
48.0068
48.0067
48.0067
48.0067
48.0066
48.0066
48.0065
48.0065
48.0064
48.0064
48.0064
48.0063
48.0063
48.0062
48.0062
48.0061
48.0061
48.0061
48.006
48.006
48.0059
48.0059
48.0058
48.0058
48.0058
48.0057
48.0057
48.0056
48.0056
48.0055
48.0055
48.0055
48.0054
48.0054
48.0053
48.0053
48.0052
48.0052
48.0052
48.0051
48.0051
48.005
48.005
48.0049
48.0049
48.0049
48.0048
48.0048
48.0047
48.0047
48.0046
48.0046
48.0046
48.0045
48.0045
48.0044
48.0044
48.0043
48.0043
48.0043
48.0042
48.0042
48.0041
48.0041
48.004
48.004
48.004
48.0039
48.0039
48.0038
48.0038
48.0037
48.0037
48.0037
48.0036
48.0036
48.0035
48.0035
48.0034
48.0034
48.0034
48.0033
48.0033
48.0032
48.0032
48.0032
48.0031
48.0031
48.003
48.003
48.0029
48.0029
48.0029
48.0028
48.0028
48.0027
48.0027
48.0026
48.0026
48.0026
48.0025
48.0025
48.0024
48.0024
48.0024
48.0023
48.0023
48.0022
48.0022
48.0022
48.0021
48.0021
48.002
48.002
48.0019
48.0019
48.0019
48.0018
48.0018
48.0017
48.0017
48.0017
48.0016
48.0016
48.0015
48.0015
48.0015
48.0014
48.0014
48.0013
48.0013
48.0013
48.0012
48.0012
48.0011
48.0011
48.0011
48.001
48.001
48.001
48.0009
48.0009
48.0008
48.0008
48.0008
48.0007
48.0007
48.0006
48.0006
48.0006
48.0005
48.0005
48.0005
48.0004
48.0004
48.0003
48.0003
48.0003
48.0002
48.0002
48.0002
48.0001
48.0001
48.0001
48
48
47.9999
47.9999
47.9999
47.9998
47.9998
47.9998
47.9997
47.9997
47.9997
47.9996
47.9996
47.9995
47.9995
47.9995
47.9994
47.9994
47.9994
47.9993
47.9993
47.9993
47.9992
47.9992
47.9992
47.9991
47.9991
47.9991
47.999
47.999
47.999
47.9989
47.9989
47.9989
47.9988
47.9988
47.9988
47.9987
47.9987
47.9987
47.9986
47.9986
47.9986
47.9985
47.9985
47.9985
47.9985
47.9984
47.9984
47.9984
47.9983
47.9983
47.9983
47.9982
47.9982
47.9982
47.9981
47.9981
47.9981
47.9981
47.998
47.998
47.998
47.9979
47.9979
47.9979
47.9979
47.9978
47.9978
47.9978
47.9977
47.9977
47.9977
47.9977
47.9976
47.9976
47.9976
47.9976
47.9975
47.9975
47.9975
47.9974
47.9974
47.9974
47.9974
47.9973
47.9973
47.9973
47.9973
47.9972
47.9972
47.9972
47.9972
47.9971
47.9971
47.9971
47.9971
47.997
47.997
47.997
47.997
47.9969
47.9969
47.9969
47.9969
47.9968
47.9968
47.9968
47.9968
47.9968
47.9967
47.9967
47.9967
47.9967
47.9966
47.9966
47.9966
47.9966
47.9966
47.9965
47.9965
47.9965
47.9965
47.9965
47.9964
47.9964
47.9964
47.9964
47.9964
47.9963
47.9963
47.9963
47.9963
47.9963
47.9962
47.9962
47.9962
47.9962
47.9962
47.9961
47.9961
47.9961
47.9961
47.9961
47.9961
47.996
47.996
47.996
47.996
47.996
47.996
47.9959
47.9959
47.9959
47.9959
47.9959
47.9959
47.9958
47.9958
47.9958
47.9958
47.9958
47.9958
47.9958
47.9957
47.9957
47.9957
47.9957
47.9957
47.9957
47.9957
47.9956
47.9956
47.9956
47.9956
47.9956
47.9956
47.9956
47.9955
47.9955
47.9955
47.9955
47.9955
47.9955
47.9955
47.9955
47.9955
47.9954
47.9954
47.9954
47.9954
47.9954
47.9954
47.9954
47.9954
47.9954
47.9953
47.9953
47.9953
47.9953
47.9953
47.9953
47.9953
47.9953
47.9953
47.9953
47.9953
47.9952
47.9952
47.9952
47.9952
47.9952
47.9952
47.9952
47.9952
47.9952
47.9952
47.9952
47.9952
47.9952
47.9952
47.9951
47.9951
47.9951
47.9951
47.9951
47.9951
47.9951
47.9951
47.9951
47.9951
47.9951
47.9951
47.9951
47.9951
47.9951
47.9951
47.9951
47.9951
47.9951
47.9951
47.995
47.995
47.995
47.995
47.995
47.995
47.995
47.995
47.995
47.995
47.995
47.995
47.995
47.995
47.995
47.995
47.995
47.995
47.995
47.995
47.995
47.995
47.995
47.995
47.995
47.995
47.995
47.995
47.995
47.995
47.995
47.995
47.995
47.995
47.995
47.995
47.995
47.995
47.995
47.995
47.995
47.995
47.995
47.995
47.995
47.995
47.995
47.995
47.995
47.995
47.995
47.995
47.995
47.995
47.995
47.995
47.9951
47.9951
47.9951
47.9951
47.9951
47.9951
47.9951
47.9951
47.9951
47.9951
47.9951
47.9951
47.9951
47.9951
47.9951
47.9951
47.9951
47.9951
47.9951
47.9951
47.9951
47.9951
47.9952
47.9952
47.9952
47.9952
47.9952
47.9952
47.9952
47.9952
47.9952
47.9952
47.9952
47.9952
47.9952
47.9952
47.9952
47.9953
47.9953
47.9953
47.9953
47.9953
47.9953
47.9953
47.9953
47.9953
47.9953
47.9953
47.9953
47.9953
47.9954
47.9954
47.9954
47.9954
47.9954
47.9954
47.9954
47.9954
47.9954
47.9954
47.9954
47.9955
47.9955
47.9955
47.9955
47.9955
47.9955
47.9955
47.9955
47.9955
47.9955
47.9956
47.9956
47.9956
47.9956
47.9956
47.9956
47.9956
47.9956
47.9956
47.9957
47.9957
47.9957
47.9957
47.9957
47.9957
47.9957
47.9957
47.9957
47.9958
47.9958
47.9958
47.9958
47.9958
47.9958
47.9958
47.9958
47.9959
47.9959
47.9959
47.9959
47.9959
47.9959
47.9959
47.9959
47.996
47.996
47.996
47.996
47.996
47.996
47.996
47.996
47.9961
47.9961
47.9961
47.9961
47.9961
47.9961
47.9961
47.9962
47.9962
47.9962
47.9962
47.9962
47.9962
47.9962
47.9963
47.9963
47.9963
47.9963
47.9963
47.9963
47.9963
47.9964
47.9964
47.9964
47.9964
47.9964
47.9964
47.9964
47.9965
47.9965
47.9965
47.9965
47.9965
47.9965
47.9966
47.9966
47.9966
47.9966
47.9966
47.9966
47.9966
47.9967
47.9967
47.9967
47.9967
47.9967
47.9967
47.9968
47.9968
47.9968
47.9968
47.9968
47.9968
47.9968
47.9969
47.9969
47.9969
47.9969
47.9969
47.9969
47.997
47.997
47.997
47.997
47.997
47.997
47.9971
47.9971
47.9971
47.9971
47.9971
47.9971
47.9972
47.9972
47.9972
47.9972
47.9972
47.9972
47.9973
47.9973
47.9973
47.9973
47.9973
47.9973
47.9974
47.9974
47.9974
47.9974
47.9974
47.9974
47.9975
47.9975
47.9975
47.9975
47.9975
47.9975
47.9976
47.9976
47.9976
47.9976
47.9976
47.9976
47.9977
47.9977
47.9977
47.9977
47.9977
47.9977
47.9978
47.9978
47.9978
47.9978
47.9978
47.9978
47.9979
47.9979
47.9979
47.9979
47.9979
47.998
47.998
47.998
47.998
47.998
47.998
47.9981
47.9981
47.9981
47.9981
47.9981
47.9981
47.9982
47.9982
47.9982
47.9982
47.9982
47.9982
47.9983
47.9983
47.9983
47.9983
47.9983
47.9983
47.9984
47.9984
47.9984
47.9984
47.9984
47.9985
47.9985
47.9985
47.9985
47.9985
47.9985
47.9986
47.9986
47.9986
47.9986
47.9986
47.9986
47.9987
47.9987
47.9987
47.9987
47.9987
47.9987
47.9988
47.9988
47.9988
47.9988
47.9988
47.9988
47.9989
47.9989
47.9989
47.9989
47.9989
47.9989
47.999
47.999
47.999
47.999
47.999
47.999
47.9991
47.9991
47.9991
47.9991
47.9991
47.9991
47.9992
47.9992
47.9992
47.9992
47.9992
47.9992
47.9993
47.9993
47.9993
47.9993
47.9993
47.9993
47.9993
47.9994
47.9994
47.9994
47.9994
47.9994
47.9994
47.9995
47.9995
47.9995
47.9995
47.9995
47.9995
47.9996
47.9996
47.9996
47.9996
47.9996
47.9996
47.9996
47.9997
47.9997
47.9997
47.9997
47.9997
47.9997
47.9998
47.9998
47.9998
47.9998
47.9998
47.9998
47.9998
47.9999
47.9999
47.9999
47.9999
47.9999
47.9999
47.9999
48
48
48
48
48
48
48.0001
48.0001
48.0001
48.0001
48.0001
48.0001
48.0001
48.0002
48.0002
48.0002
48.0002
48.0002
48.0002
48.0002
48.0002
48.0003
48.0003
48.0003
48.0003
48.0003
48.0003
48.0003
48.0004
48.0004
48.0004
48.0004
48.0004
48.0004
48.0004
48.0005
48.0005
48.0005
48.0005
48.0005
48.0005
48.0005
48.0005
48.0006
48.0006
48.0006
48.0006
48.0006
48.0006
48.0006
48.0006
48.0007
48.0007
48.0007
48.0007
48.0007
48.0007
48.0007
48.0007
48.0008
48.0008
48.0008
48.0008
48.0008
48.0008
48.0008
48.0008
48.0008
48.0009
48.0009
48.0009
48.0009
48.0009
48.0009
48.0009
48.0009
48.0009
48.001
48.001
48.001
48.001
48.001
48.001
48.001
48.001
48.001
48.0011
48.0011
48.0011
48.0011
48.0011
48.0011
48.0011
48.0011
48.0011
48.0011
48.0012
48.0012
48.0012
48.0012
48.0012
48.0012
48.0012
48.0012
48.0012
48.0012
48.0013
48.0013
48.0013
48.0013
48.0013
48.0013
48.0013
48.0013
48.0013
48.0013
48.0013
48.0013
48.0014
48.0014
48.0014
48.0014
48.0014
48.0014
48.0014
48.0014
48.0014
48.0014
48.0014
48.0014
48.0015
48.0015
48.0015
48.0015
48.0015
48.0015
48.0015
48.0015
48.0015
48.0015
48.0015
48.0015
48.0015
48.0016
48.0016
48.0016
48.0016
48.0016
48.0016
48.0016
48.0016
48.0016
48.0016
48.0016
48.0016
48.0016
48.0016
48.0016
48.0017
48.0017
48.0017
48.0017
48.0017
48.0017
48.0017
48.0017
48.0017
48.0017
48.0017
48.0017
48.0017
48.0017
48.0017
48.0017
48.0017
48.0018
48.0018
48.0018
48.0018
48.0018
48.0018
48.0018
48.0018
48.0018
48.0018
48.0018
48.0018
48.0018
48.0018
48.0018
48.0018
48.0018
48.0018
48.0018
48.0018
48.0018
48.0019
48.0019
48.0019
48.0019
48.0019
48.0019
48.0019
48.0019
48.0019
48.0019
48.0019
48.0019
48.0019
48.0019
48.0019
48.0019
48.0019
48.0019
48.0019
48.0019
48.0019
48.0019
48.0019
48.0019
48.0019
48.0019
48.0019
48.0019
48.0019
48.0019
48.0019
48.0019
48.002
48.002
48.002
48.002
48.002
48.002
48.002
48.002
48.002
48.002
48.002
48.002
48.002
48.002
48.002
48.002
48.002
48.002
48.002
48.002
48.002
48.002
48.002
48.002
48.002
48.002
48.002
48.002
48.002
48.002
48.002
48.002
48.002
48.002
48.002
48.002
48.002
48.002
48.002
48.002
48.002
48.002
48.002
48.002
48.002
48.002
48.002
48.002
48.002
48.002
48.002
48.002
48.002
48.002
48.002
48.002
48.002
48.002
48.002
48.002
48.002
48.002
48.002
48.002
48.002
48.002
48.002
48.002
48.002
48.002
48.002
48.002
48.002
48.002
48.002
48.002
48.002
48.002
48.002
48.002
48.002
48.002
48.002
48.002
48.002
48.002
48.002
48.002
48.0019
48.0019
48.0019
48.0019
48.0019
48.0019
48.0019
48.0019
48.0019
48.0019
48.0019
48.0019
48.0019
48.0019
48.0019
48.0019
48.0019
48.0019
48.0019
48.0019
48.0019
48.0019
48.0019
48.0019
48.0019
48.0019
48.0019
48.0019
48.0019
48.0019
48.0019
48.0019
48.0019
48.0019
48.0019
48.0018
48.0018
48.0018
48.0018
48.0018
48.0018
48.0018
48.0018
48.0018
48.0018
48.0018
48.0018
48.0018
48.0018
48.0018
48.0018
48.0018
48.0018
48.0018
48.0018
48.0018
48.0018
48.0018
48.0018
48.0018
48.0018
48.0017
48.0017
48.0017
48.0017
48.0017
48.0017
48.0017
48.0017
48.0017
48.0017
48.0017
48.0017
48.0017
48.0017
48.0017
48.0017
48.0017
48.0017
48.0017
48.0017
48.0017
48.0016
48.0016
48.0016
48.0016
48.0016
48.0016
48.0016
48.0016
48.0016
48.0016
48.0016
48.0016
48.0016
48.0016
48.0016
48.0016
48.0016
48.0016
48.0016
48.0015
48.0015
48.0015
48.0015
48.0015
48.0015
48.0015
48.0015
48.0015
48.0015
48.0015
48.0015
48.0015
48.0015
48.0015
48.0015
48.0015
48.0015
48.0014
48.0014
48.0014
48.0014
48.0014
48.0014
48.0014
48.0014
48.0014
48.0014
48.0014
48.0014
48.0014
48.0014
48.0014
48.0014
48.0013
48.0013
48.0013
48.0013
48.0013
48.0013
48.0013
48.0013
48.0013
48.0013
48.0013
48.0013
48.0013
48.0013
48.0013
48.0013
48.0012
48.0012
48.0012
48.0012
48.0012
48.0012
48.0012
48.0012
48.0012
48.0012
48.0012
48.0012
48.0012
48.0012
48.0012
48.0012
48.0011
48.0011
48.0011
48.0011
48.0011
48.0011
48.0011
48.0011
48.0011
48.0011
48.0011
48.0011
48.0011
48.0011
48.0011
48.001
48.001
48.001
48.001
48.001
48.001
48.001
48.001
48.001
48.001
48.001
48.001
48.001
48.001
48.0009
48.0009
48.0009
48.0009
48.0009
48.0009
48.0009
48.0009
48.0009
48.0009
48.0009
48.0009
48.0009
48.0009
48.0009
48.0008
48.0008
48.0008
48.0008
48.0008
48.0008
48.0008
48.0008
48.0008
48.0008
48.0008
48.0008
48.0008
48.0008
48.0008
48.0007
48.0007
48.0007
48.0007
48.0007
48.0007
48.0007
48.0007
48.0007
48.0007
48.0007
48.0007
48.0007
48.0007
48.0006
48.0006
48.0006
48.0006
48.0006
48.0006
48.0006
48.0006
48.0006
48.0006
48.0006
48.0006
48.0006
48.0006
48.0006
48.0005
48.0005
48.0005
48.0005
48.0005
48.0005
48.0005
48.0005
48.0005
48.0005
48.0005
48.0005
48.0005
48.0005
48.0005
48.0004
48.0004
48.0004
48.0004
48.0004
48.0004
48.0004
48.0004
48.0004
48.0004
48.0004
48.0004
48.0004
48.0004
48.0004
48.0003
48.0003
48.0003
48.0003
48.0003
48.0003
48.0003
48.0003
48.0003
48.0003
48.0003
48.0003
48.0003
48.0003
48.0003
48.0002
48.0002
48.0002
48.0002
48.0002
48.0002
48.0002
48.0002
48.0002
48.0002
48.0002
48.0002
48.0002
48.0002
48.0002
48.0002
48.0001
48.0001
48.0001
48.0001
48.0001
48.0001
48.0001
48.0001
48.0001
48.0001
48.0001
48.0001
48.0001
48.0001
48.0001
48.0001
48.0001
48
48
48
48
48
48
48
48
48
48
48
48
48
48
48
48
48
47.9999
47.9999
47.9999
47.9999
47.9999
47.9999
47.9999
47.9999
47.9999
47.9999
47.9999
47.9999
47.9999
47.9999
47.9999
47.9999
47.9999
47.9999
47.9998
47.9998
47.9998
47.9998
47.9998
47.9998
47.9998
47.9998
47.9998
47.9998
47.9998
47.9998
47.9998
47.9998
47.9998
47.9998
47.9998
47.9998
47.9998
47.9997
47.9997
47.9997
47.9997
47.9997
47.9997
47.9997
47.9997
47.9997
47.9997
47.9997
47.9997
47.9997
47.9997
47.9997
47.9997
47.9997
47.9997
47.9997
47.9997
47.9997
47.9996
47.9996
47.9996
47.9996
47.9996
47.9996
47.9996
47.9996
47.9996
47.9996
47.9996
47.9996
47.9996
47.9996
47.9996
47.9996
47.9996
47.9996
47.9996
47.9996
47.9996
47.9996
47.9996
47.9996
47.9995
47.9995
47.9995
47.9995
47.9995
47.9995
47.9995
47.9995
47.9995
47.9995
47.9995
47.9995
47.9995
47.9995
47.9995
47.9995
47.9995
47.9995
47.9995
47.9995
47.9995
47.9995
47.9995
47.9995
47.9995
47.9995
47.9995
47.9994
47.9994
47.9994
47.9994
47.9994
47.9994
47.9994
47.9994
47.9994
47.9994
47.9994
47.9994
47.9994
47.9994
47.9994
47.9994
47.9994
47.9994
47.9994
47.9994
47.9994
47.9994
47.9994
47.9994
47.9994
47.9994
47.9994
47.9994
47.9994
47.9994
47.9994
47.9994
47.9994
47.9993
47.9993
47.9993
47.9993
47.9993
47.9993
47.9993
47.9993
47.9993
47.9993
47.9993
47.9993
47.9993
47.9993
47.9993
47.9993
47.9993
47.9993
47.9993
47.9993
47.9993
47.9993
47.9993
47.9993
47.9993
47.9993
47.9993
47.9993
47.9993
47.9993
47.9993
47.9993
47.9993
47.9993
47.9993
47.9993
47.9993
47.9993
47.9993
47.9993
47.9993
47.9993
47.9993
47.9993
47.9993
47.9993
47.9993
47.9993
47.9993
47.9992
47.9992
47.9992
47.9992
47.9992
47.9992
47.9992
47.9992
47.9992
47.9992
47.9992
47.9992
47.9992
47.9992
47.9992
47.9992
47.9992
47.9992
47.9992
47.9992
47.9992
47.9992
47.9992
47.9992
47.9992
47.9992
47.9992
47.9992
47.9992
47.9992
47.9992
47.9992
47.9992
47.9992
47.9992
47.9992
47.9992
47.9992
47.9992
47.9992
47.9992
47.9992
47.9992
47.9992
47.9992
47.9992
47.9992
47.9992
47.9992
47.9992
47.9992
47.9992
47.9992
47.9992
47.9992
47.9992
47.9992
47.9992
47.9992
47.9992
47.9992
47.9992
47.9992
47.9992
47.9992
47.9992
47.9992
47.9992
47.9992
47.9992
47.9992
47.9992
47.9992
47.9992
47.9992
47.9992
47.9992
47.9992
47.9992
47.9992
47.9992
47.9992
47.9992
47.9992
47.9992
47.9992
47.9992
47.9992
47.9992
47.9992
47.9992
47.9992
47.9992
47.9992
47.9992
47.9992
47.9992
47.9992
47.9992
47.9992
47.9992
47.9992
47.9992
47.9992
47.9992
47.9992
47.9992
47.9992
47.9992
47.9992
47.9992
47.9992
47.9992
47.9992
47.9992
47.9992
47.9992
47.9992
47.9992
47.9992
47.9992
47.9992
47.9992
47.9992
47.9992
47.9992
47.9992
47.9992
47.9992
47.9992
47.9992
47.9992
47.9992
47.9992
47.9992
47.9992
47.9992
47.9992
47.9992
47.9992
47.9993
47.9993
47.9993
47.9993
47.9993
47.9993
47.9993
47.9993
47.9993
47.9993
47.9993
47.9993
47.9993
47.9993
47.9993
47.9993
47.9993
47.9993
47.9993
47.9993
47.9993
47.9993
47.9993
47.9993
47.9993
47.9993
47.9993
47.9993
47.9993
47.9993
47.9993
47.9993
47.9993
47.9993
47.9993
47.9993
47.9993
47.9993
47.9993
47.9993
47.9993
47.9993
47.9993
47.9993
47.9993
47.9993
47.9993
47.9993
47.9993
47.9993
47.9993
47.9993
47.9993
47.9993
47.9993
47.9993
47.9993
47.9993
47.9993
47.9993
47.9994
47.9994
47.9994
47.9994
47.9994
47.9994
47.9994
47.9994
47.9994
47.9994
47.9994
47.9994
47.9994
47.9994
47.9994
47.9994
47.9994
47.9994
47.9994
47.9994
47.9994
47.9994
47.9994
47.9994
47.9994
47.9994
47.9994
47.9994
47.9994
47.9994
47.9994
47.9994
47.9994
47.9994
47.9994
47.9994
47.9994
47.9994
47.9994
47.9994
47.9994
47.9994
47.9994
47.9994
47.9995
47.9995
47.9995
47.9995
47.9995
47.9995
47.9995
47.9995
47.9995
47.9995
47.9995
47.9995
47.9995
47.9995
47.9995
47.9995
47.9995
47.9995
47.9995
47.9995
47.9995
47.9995
47.9995
47.9995
47.9995
47.9995
47.9995
47.9995
47.9995
47.9995
47.9995
47.9995
47.9995
47.9995
47.9995
47.9995
47.9995
47.9995
47.9995
47.9996
47.9996
47.9996
47.9996
47.9996
47.9996
47.9996
47.9996
47.9996
47.9996
47.9996
47.9996
47.9996
47.9996
47.9996
47.9996
47.9996
47.9996
47.9996
47.9996
47.9996
47.9996
47.9996
47.9996
47.9996
47.9996
47.9996
47.9996
47.9996
47.9996
47.9996
47.9996
47.9996
47.9996
47.9996
47.9996
47.9996
47.9997
47.9997
47.9997
47.9997
47.9997
47.9997
47.9997
47.9997
47.9997
47.9997
47.9997
47.9997
47.9997
47.9997
47.9997
47.9997
47.9997
47.9997
47.9997
47.9997
47.9997
47.9997
47.9997
47.9997
47.9997
47.9997
47.9997
47.9997
47.9997
47.9997
47.9997
47.9997
47.9997
47.9997
47.9997
47.9997
47.9997
47.9998
47.9998
47.9998
47.9998
47.9998
47.9998
47.9998
47.9998
47.9998
47.9998
47.9998
47.9998
47.9998
47.9998
47.9998
47.9998
47.9998
47.9998
47.9998
47.9998
47.9998
47.9998
47.9998
47.9998
47.9998
47.9998
47.9998
47.9998
47.9998
47.9998
47.9998
47.9998
47.9998
47.9998
47.9998
47.9998
47.9998
47.9999
47.9999
47.9999
47.9999
47.9999
47.9999
47.9999
47.9999
47.9999
47.9999
47.9999
47.9999
47.9999
47.9999
47.9999
47.9999
47.9999
47.9999
47.9999
47.9999
47.9999
47.9999
47.9999
47.9999
47.9999
47.9999
47.9999
47.9999
47.9999
47.9999
47.9999
47.9999
47.9999
47.9999
47.9999
47.9999
47.9999
47.9999
47.9999
48
48
48
48
48
48
48
48
48
48
48
48
48
48
48
48
48
48
48
48
48
48
48
48
48
48
48
48
48
48
48
48
48
48
48
48
48
48
48
48
48
48
48
48.0001
48.0001
48.0001
48.0001
48.0001
48.0001
48.0001
48.0001
48.0001
48.0001
48.0001
48.0001
48.0001
48.0001
48.0001
48.0001
48.0001
48.0001
48.0001
48.0001
48.0001
48.0001
48.0001
48.0001
48.0001
48.0001
48.0001
48.0001
48.0001
48.0001
48.0001
48.0001
48.0001
48.0001
48.0001
48.0001
48.0001
48.0001
48.0001
48.0001
48.0001
48.0001
48.0001
48.0001
48.0001
48.0001
48.0001
48.0001
48.0001
48.0001
48.0001
48.0002
48.0002
48.0002
48.0002
48.0002
48.0002
48.0002
48.0002
48.0002
48.0002
48.0002
48.0002
48.0002
48.0002
48.0002
48.0002
48.0002
48.0002
48.0002
48.0002
48.0002
48.0002
48.0002
48.0002
48.0002
48.0002
48.0002
48.0002
48.0002
48.0002
48.0002
48.0002
48.0002
48.0002
48.0002
48.0002
48.0002
48.0002
48.0002
48.0002
48.0002
48.0002
48.0002
48.0002
48.0002
48.0002
48.0002
48.0002
48.0002
48.0002
48.0002
48.0002
48.0002
48.0002
48.0002
48.0002
48.0002
48.0002
48.0002
48.0002
48.0002
48.0002
48.0002
48.0002
48.0002
48.0002
48.0002
48.0002
48.0002
48.0003
48.0003
48.0003
48.0003
48.0003
48.0003
48.0003
48.0003
48.0003
48.0003
48.0003
48.0003
48.0003
48.0003
48.0003
48.0003
48.0003
48.0003
48.0003
48.0003
48.0003
48.0003
48.0003
48.0003
48.0003
48.0003
48.0003
48.0003
48.0003
48.0003
48.0003
48.0003
48.0003
48.0003
48.0003
48.0003
48.0003
48.0003
48.0003
48.0003
48.0003
48.0003
48.0003
48.0003
48.0003
48.0003
48.0003
48.0003
48.0003
48.0003
48.0003
48.0003
48.0003
48.0003
48.0003
48.0003
48.0003
48.0003
48.0003
48.0003
48.0003
48.0003
48.0003
48.0003
48.0003
48.0003
48.0003
48.0003
48.0003
48.0003
48.0003
48.0003
48.0003
48.0003
48.0003
48.0003
48.0003
48.0003
48.0003
48.0003
48.0003
48.0003
48.0003
48.0003
48.0003
48.0003
48.0003
48.0003
48.0003
48.0003
48.0003
48.0003
48.0003
48.0003
48.0003
48.0003
48.0003
48.0003
48.0003
48.0003
48.0003
48.0003
48.0003
48.0003
48.0003
48.0003
48.0003
48.0003
48.0003
48.0003
48.0003
48.0003
48.0003
48.0003
48.0003
48.0003
48.0003
48.0003
48.0003
48.0003
48.0003
48.0003
48.0003
48.0003
48.0003
48.0003
48.0003
48.0003
48.0003
48.0003
48.0003
48.0003
48.0003
48.0003
48.0003
48.0003
48.0003
48.0003
48.0003
48.0003
48.0003
48.0003
48.0003
48.0003
48.0003
48.0003
48.0003
48.0003
48.0003
48.0003
48.0003
48.0003
48.0003
48.0003
48.0003
48.0003
48.0003
48.0003
48.0003
48.0003
48.0003
48.0003
48.0003
48.0003
48.0003
48.0003
48.0003
48.0003
48.0003
48.0003
48.0003
48.0003
48.0003
48.0003
48.0003
48.0003
48.0003
48.0003
48.0003
48.0003
48.0003
48.0003
48.0003
48.0003
48.0003
48.0003
48.0003
48.0003
48.0003
48.0003
48.0003
48.0003
48.0003
48.0003
48.0003
48.0003
48.0003
48.0003
48.0003
48.0003
48.0003
48.0003
48.0003
48.0003
48.0003
48.0003
48.0003
48.0003
48.0003
48.0003
48.0003
48.0003
48.0003
48.0003
48.0003
48.0003
48.0003
48.0003
48.0003
48.0003
48.0003
48.0003
48.0003
48.0003
48.0003
48.0003
48.0003
48.0003
48.0003
48.0003
48.0003
48.0003
48.0003
48.0003
48.0003
48.0003
48.0003
48.0003
48.0003
48.0003
48.0003
48.0003
48.0003
48.0003
48.0003
48.0003
48.0003
48.0003
48.0003
48.0003
48.0003
48.0003
48.0003
48.0003
48.0003
48.0003
48.0003
48.0003
48.0003
48.0003
48.0003
48.0003
48.0003
48.0003
48.0003
48.0003
48.0003
48.0003
48.0003
48.0002
48.0002
48.0002
48.0002
48.0002
48.0002
48.0002
48.0002
48.0002
48.0002
48.0002
48.0002
48.0002
48.0002
48.0002
48.0002
48.0002
48.0002
48.0002
48.0002
48.0002
48.0002
48.0002
48.0002
48.0002
48.0002
48.0002
48.0002
48.0002
48.0002
48.0002
48.0002
48.0002
48.0002
48.0002
48.0002
48.0002
48.0002
48.0002
48.0002
48.0002
48.0002
48.0002
48.0002
48.0002
48.0002
48.0002
48.0002
48.0002
48.0002
48.0002
48.0002
48.0002
48.0002
48.0002
48.0002
48.0002
48.0002
48.0002
48.0002
48.0002
48.0002
48.0002
48.0002
48.0002
48.0002
48.0002
48.0002
48.0002
48.0002
48.0002
48.0002
48.0002
48.0002
48.0002
48.0002
48.0002
48.0002
48.0002
48.0002
48.0002
48.0002
48.0002
48.0002
48.0002
48.0002
48.0002
48.0002
48.0002
48.0002
48.0002
48.0002
48.0002
48.0002
48.0002
48.0002
48.0002
48.0002
48.0002
48.0002
48.0001
48.0001
48.0001
48.0001
48.0001
48.0001
48.0001
48.0001
48.0001
48.0001
48.0001
48.0001
48.0001
48.0001
48.0001
48.0001
48.0001
48.0001
48.0001
48.0001
48.0001
48.0001
48.0001
48.0001
48.0001
48.0001
48.0001
48.0001
48.0001
48.0001
48.0001
48.0001
48.0001
48.0001
48.0001
48.0001
48.0001
48.0001
48.0001
48.0001
48.0001
48.0001
48.0001
48.0001
48.0001
48.0001
48.0001
48.0001
48.0001
48.0001
48.0001
48.0001
48.0001
48.0001
48.0001
48.0001
48.0001
48.0001
48.0001
48.0001
48.0001
48.0001
48.0001
48.0001
48.0001
48.0001
48.0001
48.0001
48.0001
48.0001
48.0001
48.0001
48.0001
48.0001
48.0001
48.0001
48.0001
48.0001
48.0001
48.0001
48.0001
48.0001
48.0001
48.0001
48.0001
48.0001
48.0001
48.0001
48.0001
48.0001
48.0001
48.0001
48.0001
48
48
48
48
48
48
48
48
48
48
48
48
48
48
48
48
48
48
48
48
48
48
48
48
48
48
48
48
48
48
48
48
48
48
48
48
48
48
48
48
48
48
48
48
48
48
48
48
48
48
48
48
48
48
48
48
48
48
48
48
48
48
48
48
48
48
48
48
48
48
48
48
48
48
48
48
48
48
48
48
48
48
48
48
48
48
48
48
48
48
48
48
48
48
48
48
48
48
48
48
48
48
48
48
48
48
48
48
48
47.9999
47.9999
47.9999
47.9999
47.9999
47.9999
47.9999
47.9999
47.9999
47.9999
47.9999
47.9999
47.9999
47.9999
47.9999
47.9999
47.9999
47.9999
47.9999
47.9999
47.9999
47.9999
47.9999
47.9999
47.9999
47.9999
47.9999
47.9999
47.9999
47.9999
47.9999
47.9999
47.9999
47.9999
47.9999
47.9999
47.9999
47.9999
47.9999
47.9999
47.9999
47.9999
47.9999
47.9999
47.9999
47.9999
47.9999
47.9999
47.9999
47.9999
47.9999
47.9999
47.9999
47.9999
47.9999
47.9999
47.9999
47.9999
47.9999
47.9999
47.9999
47.9999
47.9999
47.9999
47.9999
47.9999
47.9999
47.9999
47.9999
47.9999
47.9999
47.9999
47.9999
47.9999
47.9999
47.9999
47.9999
47.9999
47.9999
47.9999
47.9999
47.9999
47.9999
47.9999
47.9999
47.9999
47.9999
47.9999
47.9999
47.9999
47.9999
47.9999
47.9999
47.9999
47.9999
47.9999
47.9999
47.9999
47.9999
47.9999
47.9999
47.9999
47.9999
47.9999
47.9999
47.9999
47.9999
47.9999
47.9999
47.9999
47.9999
47.9999
47.9999
47.9999
47.9999
47.9999
47.9999
47.9999
47.9999
47.9999
47.9999
47.9999
47.9999
47.9999
47.9999
47.9999
47.9999
47.9999
47.9999
47.9999
47.9999
47.9999
47.9999
47.9999
47.9999
47.9999
47.9999
47.9999
47.9999
47.9999
47.9999
47.9999
47.9999
47.9999
47.9999
47.9999
47.9999
47.9999
47.9999
47.9999
47.9999
47.9999
47.9999
47.9999
47.9999
47.9999
47.9999
47.9999
47.9999
47.9999
47.9999
47.9999
47.9999
47.9999
47.9999
47.9999
47.9999
47.9999
47.9999
47.9999
47.9999
47.9999
47.9999
47.9999
47.9999
47.9999
47.9999
47.9999
47.9999
47.9999
47.9999
47.9999
47.9999
47.9999
47.9999
47.9999
47.9999
47.9999
47.9999
47.9999
47.9999
47.9999
47.9999
47.9999
47.9999
47.9999
47.9999
47.9999
47.9999
47.9999
47.9999
47.9999
47.9999
47.9999
47.9999
47.9999
47.9999
47.9999
47.9999
47.9999
47.9999
47.9999
47.9999
47.9999
47.9999
47.9999
47.9999
47.9999
47.9999
47.9999
47.9999
47.9999
47.9999
47.9999
47.9999
47.9999
47.9999
47.9999
47.9999
47.9999
47.9999
47.9999
47.9999
47.9999
47.9999
47.9999
47.9999
47.9999
47.9999
47.9999
47.9999
47.9999
47.9999
47.9999
47.9999
47.9999
47.9999
47.9999
47.9999
47.9999
47.9999
47.9999
47.9999
47.9999
47.9999
47.9999
47.9999
47.9999
47.9999
47.9999
47.9999
47.9999
47.9999
47.9999
47.9999
47.9999
47.9999
47.9999
47.9999
47.9999
47.9999
47.9999
47.9999
47.9999
47.9999
47.9999
47.9999
47.9999
47.9999
47.9999
47.9999
47.9999
47.9999
47.9999
47.9999
47.9999
47.9999
47.9999
47.9999
47.9999
47.9999
47.9999
47.9999
47.9999
47.9999
47.9999
47.9999
47.9999
47.9999
47.9999
47.9999
47.9999
47.9999
47.9999
47.9999
47.9999
47.9999
47.9999
47.9999
47.9999
47.9999
47.9999
47.9999
47.9999
47.9999
47.9999
47.9999
47.9999
47.9999
47.9999
47.9999
47.9999
47.9999
47.9999
47.9999
47.9999
47.9999
47.9999
47.9999
47.9999
47.9999
47.9999
47.9999
47.9999
47.9999
47.9999
47.9999
47.9999
47.9999
47.9999
47.9999
47.9999
47.9999
47.9999
47.9999
47.9999
47.9999
47.9999
47.9999
47.9999
47.9999
47.9999
47.9999
47.9999
47.9999
47.9999
47.9999
47.9999
47.9999
47.9999
47.9999
47.9999
47.9999
47.9999
47.9999
47.9999
47.9999
47.9999
47.9999
47.9999
47.9999
47.9999
47.9999
47.9999
47.9999
47.9999
47.9999
47.9999
47.9999
47.9999
47.9999
47.9999
47.9999
47.9999
47.9999
47.9999
47.9999
47.9999
47.9999
47.9999
47.9999
47.9999
47.9999
47.9999
47.9999
47.9999
47.9999
47.9999
47.9999
47.9999
47.9999
47.9999
47.9999
47.9999
47.9999
47.9999
47.9999
47.9999
47.9999
47.9999
47.9999
47.9999
47.9999
47.9999
47.9999
47.9999
47.9999
47.9999
47.9999
47.9999
47.9999
47.9999
47.9999
47.9999
47.9999
47.9999
47.9999
47.9999
47.9999
47.9999
47.9999
47.9999
47.9999
47.9999
47.9999
47.9999
47.9999
47.9999
47.9999
47.9999
47.9999
47.9999
47.9999
47.9999
47.9999
47.9999
47.9999
47.9999
47.9999
47.9999
47.9999
47.9999
47.9999
47.9999
47.9999
47.9999
47.9999
47.9999
47.9999
47.9999
47.9999
47.9999
47.9999
47.9999
47.9999
47.9999
47.9999
47.9999
47.9999
47.9999
47.9999
47.9999
47.9999
47.9999
47.9999
48
48
48
48
48
48
48
48
48
48
48
48
48
48
48
48
48
48
48
48
48
48
48
48
48
48
48
48
48
48
48
48
48
48
48
48
48
48
48
48
48
48
48
48
48
48
48
48
48
48
48
48
48
48
48
48
48
48
48
48
48
48
48
48
48
48
48
48
48
48
48
48
48
48
48
48
48
48
48
48
48
48
48
48
48
48
48
48
48
48
48
48
48
48
48
48
48
48
48
48
48
48
48
48
48
48
48
48
48
48
48
48
48
48
48
48
48
48
48
48
48
48
48
48
48
48
48
48
48
48
48
48
48
48
48
48
48
48
48
48
48
48
48
48
48
48
48
48
48
48
48
48
48
48
48
48
48
48
48
48
48
48
48
48
48
48
48
48
48
48
48
48
48
48
48
48
48
48
48
48
48
48
48
48
48
48
48
48
48
48
48
48
48
48
48
48
48
48
48
48
48
48
48
48
48
48
48
48
48
48
48
48
48
48
48
48
48
48
48
48
48
48
48
48
48
48
48
48
48
48
48
48
48
48
48
48
48
48
48
48
48
48
48
48
48
48
48
48
48
48
48
48
48
48
48
48
48
48
48
48
48
48
48
48
48
48
48
48
48
48
48
48
48
48
48
48
48
48
48
48
48
48
48
48
48
48
48
48
48
48
48
48
48
48
48
48
48
48
48
48
48
48
48
48
48
48
48
48
48
48
48
48
48
48
48
48
48
48
48
48
48
48
48
48
48
48
48
48
48
48
48
48
48
48
48
48
48
48
48
48
48
48
48
48
48
48
48
48
48
48.0001
48.0001
48.0001
48.0001
48.0001
48.0001
48.0001
48.0001
48.0001
48.0001
48.0001
48.0001
48.0001
48.0001
48.0001
48.0001
48.0001
48.0001
48.0001
48.0001
48.0001
48.0001
48.0001
48.0001
48.0001
48.0001
48.0001
48.0001
48.0001
48.0001
48.0001
48.0001
48.0001
48.0001
48.0001
48.0001
48.0001
48.0001
48.0001
48.0001
48.0001
48.0001
48.0001
48.0001
48.0001
48.0001
48.0001
48.0001
48.0001
48.0001
48.0001
48.0001
48.0001
48.0001
48.0001
48.0001
48.0001
48.0001
48.0001
48.0001
48.0001
48.0001
48.0001
48.0001
48.0001
48.0001
48.0001
48.0001
48.0001
48.0001
48.0001
48.0001
48.0001
48.0001
48.0001
48.0001
48.0001
48.0001
48.0001
48.0001
48
48
48
48
48
48
48
48
48
48
48
48
48
48
48
48
48
48
48
48
48
48
48
48
48
48
48
48
48
48
48
48
48
48
48
48
48
48
48
48
48
48
48
48
48
48
48
48
48
48
48
48
48
48
48
48
48
48
48
48
48
48
48
48
48
48
48
48
48
48
48
48
48
48
48
48
48
48
48
48
48
48
48
48
48
48
48
48
48
48
48
48
48
48
48
48
48
48
48
48
48
48
48
48
48
48
48
48
48
48
48
48
48
48
48
48
48
48
48
48
48
48
48
48
48
48
48
48
48
48
48
48
48
48
48
48
48
48
48
48
48
48
48
48
48
48
48
48
